,mlp_ratio,embed_dim,num_heads,layer_num,id,snip
0,"[4, 4, 1, 3, 5, 4, 4, 3, 4, 3]","[192, 192, 192, 192, 192, 192, 192, 192, 192, 192]","[4, 4, 5, 4, 3, 5, 4, 5, 3, 3]",10,0,88.66719818115234
1,"[4, 5, 1, 3, 4, 3]","[48, 48, 48, 48, 48, 48]","[4, 6, 6, 5, 3, 3]",6,1,1.873407006263733
2,"[4, 6, 6, 6, 1, 5, 4, 3, 2]","[112, 112, 112, 112, 112, 112, 112, 112, 112]","[5, 3, 4, 4, 4, 4, 6, 3, 3]",9,2,29.490041732788086
3,"[4, 1, 3, 5, 3, 6, 1, 5]","[96, 96, 96, 96, 96, 96, 96, 96]","[5, 4, 5, 6, 3, 6, 5, 4]",8,3,13.602511405944824
4,"[2, 2, 1, 5, 6]","[64, 64, 64, 64, 64]","[5, 6, 3, 3, 4]",5,4,3.019545555114746
5,"[1, 6, 5, 6]","[192, 192, 192, 192]","[6, 5, 4, 4]",4,5,38.7798957824707
6,"[4, 5, 3, 4, 4, 6, 6, 6]","[32, 32, 32, 32, 32, 32, 32, 32]","[5, 3, 5, 3, 6, 5, 4, 4]",8,6,1.9433555603027344
7,"[3, 1, 6, 2, 3, 2, 3, 4, 1]","[128, 128, 128, 128, 128, 128, 128, 128, 128]","[3, 4, 4, 3, 3, 3, 3, 4, 3]",9,7,29.467761993408203
8,"[3, 1, 1, 5]","[144, 144, 144, 144]","[3, 4, 4, 3]",4,8,13.37575912475586
9,"[6, 1, 6, 1, 5]","[48, 48, 48, 48, 48]","[6, 3, 5, 3, 4]",5,9,1.7357436418533325
10,"[3, 3, 4, 2, 1, 5, 4, 1, 5]","[192, 192, 192, 192, 192, 192, 192, 192, 192]","[3, 6, 4, 5, 5, 6, 4, 4, 3]",9,10,77.54755401611328
11,"[2, 3, 5, 3, 1]","[176, 176, 176, 176, 176]","[6, 4, 3, 6, 6]",5,11,26.585460662841797
12,"[5, 3, 6, 3, 4, 6, 3, 2, 5, 6]","[176, 176, 176, 176, 176, 176, 176, 176, 176, 176]","[3, 6, 3, 5, 3, 5, 4, 4, 6, 5]",10,12,79.8631591796875
13,"[6, 3, 5, 6, 5, 2]","[240, 240, 240, 240, 240, 240]","[5, 6, 6, 3, 3, 4]",6,13,90.51749420166016
14,"[2, 2, 2, 6, 4, 4]","[144, 144, 144, 144, 144, 144]","[6, 3, 6, 6, 3, 4]",6,14,27.13066291809082
15,"[3, 6, 2, 4]","[112, 112, 112, 112]","[6, 3, 3, 6]",4,15,7.773246765136719
16,"[4, 1, 4, 2, 5, 6]","[32, 32, 32, 32, 32, 32]","[3, 4, 3, 6, 6, 5]",6,16,0.9542917013168335
17,"[1, 6, 1, 6, 5]","[96, 96, 96, 96, 96]","[3, 4, 3, 4, 5]",5,17,7.749035358428955
18,"[2, 1, 4, 4, 6, 1, 1, 3, 4]","[32, 32, 32, 32, 32, 32, 32, 32, 32]","[3, 5, 4, 5, 3, 4, 5, 3, 3]",9,18,1.652718424797058
19,"[6, 3, 5, 3, 3]","[160, 160, 160, 160, 160]","[3, 6, 6, 6, 5]",5,19,24.392396926879883
20,"[2, 4, 5, 3, 1]","[112, 112, 112, 112, 112]","[4, 4, 5, 5, 5]",5,0,8.783163070678711
21,"[1, 3, 5, 1, 1, 3, 2, 2, 5]","[96, 96, 96, 96, 96, 96, 96, 96, 96]","[5, 5, 6, 4, 5, 3, 6, 4, 3]",9,1,16.46527862548828
22,"[5, 6, 1, 3, 4]","[160, 160, 160, 160, 160]","[5, 5, 6, 3, 3]",5,2,23.057680130004883
23,"[4, 3, 3, 1, 4, 1, 6]","[192, 192, 192, 192, 192, 192, 192]","[6, 6, 3, 5, 5, 4, 4]",7,3,62.41020202636719
24,"[4, 6, 1, 1, 1, 2, 6, 2]","[176, 176, 176, 176, 176, 176, 176, 176]","[3, 6, 3, 3, 6, 5, 6, 6]",8,4,55.26701354980469
25,"[6, 2, 4, 1, 3, 2, 3, 5, 2]","[144, 144, 144, 144, 144, 144, 144, 144, 144]","[6, 4, 5, 3, 3, 3, 6, 4, 3]",9,5,39.930171966552734
26,"[3, 2, 6, 1, 2, 5, 2]","[176, 176, 176, 176, 176, 176, 176]","[3, 4, 6, 6, 5, 4, 3]",7,6,48.4437370300293
27,"[2, 5, 4, 6, 6, 4, 5]","[112, 112, 112, 112, 112, 112, 112]","[6, 5, 6, 6, 4, 4, 3]",7,7,24.18013572692871
28,"[6, 3, 3, 1, 5, 2, 3, 5, 2]","[32, 32, 32, 32, 32, 32, 32, 32, 32]","[6, 5, 6, 3, 3, 3, 3, 4, 4]",9,8,1.6531145572662354
29,"[1, 4, 3, 2, 2, 6]","[240, 240, 240, 240, 240, 240]","[6, 5, 6, 3, 3, 3]",6,9,72.1409912109375
30,"[2, 3, 5, 5, 4, 4, 4]","[48, 48, 48, 48, 48, 48, 48]","[4, 3, 3, 4, 5, 5, 5]",7,10,3.6079154014587402
31,"[3, 3, 4, 4, 4, 1, 2]","[128, 128, 128, 128, 128, 128, 128]","[4, 4, 5, 5, 3, 3, 6]",7,11,22.47521209716797
32,"[4, 5, 6, 1, 6]","[128, 128, 128, 128, 128]","[4, 5, 6, 3, 6]",5,12,13.959197998046875
33,"[1, 1, 4, 2, 1, 1, 5]","[48, 48, 48, 48, 48, 48, 48]","[4, 5, 3, 5, 4, 6, 6]",7,13,3.1965346336364746
34,"[5, 6, 4, 5]","[128, 128, 128, 128]","[5, 3, 5, 4]",4,14,13.592042922973633
35,"[3, 6, 6, 1, 5, 2, 1, 4, 4, 3]","[80, 80, 80, 80, 80, 80, 80, 80, 80, 80]","[4, 6, 5, 3, 3, 3, 6, 5, 3, 4]",10,15,14.03728199005127
36,"[6, 5, 6, 5]","[128, 128, 128, 128]","[6, 5, 3, 4]",4,16,14.813187599182129
37,"[4, 1, 1, 4, 1, 1, 4, 2]","[48, 48, 48, 48, 48, 48, 48, 48]","[3, 6, 6, 6, 3, 6, 5, 5]",8,17,3.017469882965088
38,"[1, 1, 3, 6, 1, 3]","[176, 176, 176, 176, 176, 176]","[5, 4, 3, 4, 5, 3]",6,18,38.628662109375
39,"[2, 1, 2, 6, 6]","[176, 176, 176, 176, 176]","[3, 3, 5, 5, 3]",5,19,35.724605560302734
40,"[2, 2, 4, 1, 4]","[112, 112, 112, 112, 112]","[5, 5, 4, 3, 4]",5,0,8.17273998260498
41,"[4, 3, 3, 5, 6, 3]","[64, 64, 64, 64, 64, 64]","[4, 3, 3, 5, 4, 6]",6,1,4.438568115234375
42,"[2, 3, 5, 2, 2]","[64, 64, 64, 64, 64]","[4, 5, 5, 6, 3]",5,2,2.5663657188415527
43,"[1, 4, 1, 6, 1, 2, 4, 3]","[192, 192, 192, 192, 192, 192, 192, 192]","[6, 4, 6, 5, 5, 3, 4, 6]",8,3,62.33711242675781
44,"[6, 5, 1, 4, 4, 1]","[144, 144, 144, 144, 144, 144]","[6, 5, 6, 4, 5, 5]",6,4,22.861629486083984
45,"[2, 1, 3, 1]","[128, 128, 128, 128]","[4, 6, 6, 4]",4,5,6.484461784362793
46,"[2, 2, 4, 3, 5, 2, 3]","[176, 176, 176, 176, 176, 176, 176]","[6, 3, 6, 4, 5, 3, 6]",7,6,51.04246520996094
47,"[1, 2, 3, 1, 6, 3, 5]","[96, 96, 96, 96, 96, 96, 96]","[4, 6, 6, 3, 6, 4, 6]",7,7,13.90506362915039
48,"[1, 1, 3, 6, 1, 1, 3, 4, 5]","[48, 48, 48, 48, 48, 48, 48, 48, 48]","[6, 6, 3, 5, 5, 5, 4, 3, 3]",9,8,5.042995929718018
49,"[3, 3, 5, 3, 1, 5, 2, 2, 1, 4]","[112, 112, 112, 112, 112, 112, 112, 112, 112, 112]","[5, 5, 4, 4, 3, 6, 6, 5, 5, 6]",10,9,24.905885696411133
50,"[6, 2, 2, 1, 6, 1, 4, 4]","[144, 144, 144, 144, 144, 144, 144, 144]","[6, 4, 5, 5, 6, 6, 4, 6]",8,10,33.9970588684082
51,"[5, 3, 4, 6, 1, 4, 3, 2, 6]","[192, 192, 192, 192, 192, 192, 192, 192, 192]","[6, 3, 4, 3, 5, 6, 6, 3, 3]",9,11,81.02647399902344
52,"[1, 6, 6, 6, 4, 1, 3, 1, 1, 5]","[240, 240, 240, 240, 240, 240, 240, 240, 240, 240]","[3, 5, 5, 4, 4, 5, 4, 3, 6, 6]",10,12,150.01710510253906
53,"[4, 2, 3, 4, 6, 6]","[80, 80, 80, 80, 80, 80]","[6, 4, 6, 4, 5, 4]",6,13,7.384679317474365
54,"[4, 3, 4, 4, 4]","[176, 176, 176, 176, 176]","[6, 4, 4, 6, 4]",5,14,32.79590606689453
55,"[1, 4, 1, 2, 6, 1, 2, 3, 1]","[192, 192, 192, 192, 192, 192, 192, 192, 192]","[4, 4, 5, 3, 5, 5, 6, 6, 3]",9,15,62.35833740234375
56,"[5, 6, 6, 5, 6, 4, 5, 4, 4]","[112, 112, 112, 112, 112, 112, 112, 112, 112]","[5, 6, 4, 5, 5, 3, 3, 3, 4]",9,16,30.55232048034668
57,"[3, 6, 1, 2]","[160, 160, 160, 160]","[3, 6, 4, 6]",4,17,13.411697387695312
58,"[4, 2, 3, 5, 1]","[96, 96, 96, 96, 96]","[3, 5, 5, 6, 5]",5,18,6.296767711639404
59,"[5, 1, 2, 3]","[80, 80, 80, 80]","[3, 4, 5, 4]",4,19,3.00783634185791
60,"[6, 6, 6, 3, 3, 5]","[96, 96, 96, 96, 96, 96]","[6, 5, 6, 5, 4, 3]",6,0,10.70897102355957
61,"[1, 1, 4, 4, 6, 4, 1, 4]","[64, 64, 64, 64, 64, 64, 64, 64]","[6, 6, 6, 3, 3, 3, 4, 3]",8,1,5.691732406616211
62,"[2, 4, 5, 1, 4, 5, 4]","[112, 112, 112, 112, 112, 112, 112]","[3, 4, 4, 6, 4, 4, 5]",7,2,20.394556045532227
63,"[4, 1, 5, 3, 5, 5]","[80, 80, 80, 80, 80, 80]","[4, 5, 6, 6, 5, 5]",6,3,6.694612503051758
64,"[1, 5, 6, 1]","[96, 96, 96, 96]","[4, 6, 4, 4]",4,4,4.977424621582031
65,"[6, 1, 6, 5, 5, 4, 1, 1, 4]","[192, 192, 192, 192, 192, 192, 192, 192, 192]","[5, 3, 5, 4, 5, 4, 4, 3, 5]",9,5,76.41106414794922
66,"[2, 3, 6, 4, 3, 5]","[64, 64, 64, 64, 64, 64]","[4, 4, 3, 5, 5, 3]",6,6,4.420299053192139
67,"[2, 2, 5, 1, 2, 2, 4]","[192, 192, 192, 192, 192, 192, 192]","[4, 4, 4, 4, 6, 5, 4]",7,7,62.806800842285156
68,"[1, 5, 1, 5, 5, 3, 4]","[160, 160, 160, 160, 160, 160, 160]","[6, 5, 3, 4, 4, 6, 6]",7,8,44.68994903564453
69,"[6, 1, 3, 2, 5, 4]","[32, 32, 32, 32, 32, 32]","[4, 5, 5, 6, 3, 4]",6,9,0.9199029207229614
70,"[6, 6, 2, 3, 4, 6]","[112, 112, 112, 112, 112, 112]","[4, 5, 5, 4, 5, 3]",6,10,15.889147758483887
71,"[5, 1, 6, 6, 2, 3, 1, 4]","[32, 32, 32, 32, 32, 32, 32, 32]","[3, 3, 4, 3, 3, 4, 5, 3]",8,11,1.2369626760482788
72,"[6, 4, 2, 2, 4, 4]","[128, 128, 128, 128, 128, 128]","[4, 5, 5, 4, 5, 6]",6,12,18.87482261657715
73,"[4, 3, 5, 5]","[128, 128, 128, 128]","[6, 3, 3, 6]",4,13,13.573858261108398
74,"[1, 5, 2, 5, 6]","[80, 80, 80, 80, 80]","[4, 3, 5, 4, 4]",5,14,4.805649280548096
75,"[2, 6, 6, 5]","[176, 176, 176, 176]","[4, 3, 6, 3]",4,15,30.69764518737793
76,"[4, 6, 2, 5, 5, 1, 3, 3, 6]","[80, 80, 80, 80, 80, 80, 80, 80, 80]","[6, 3, 3, 6, 3, 5, 5, 4, 6]",9,16,14.018198013305664
77,"[3, 2, 6, 4, 3, 3, 4, 4]","[128, 128, 128, 128, 128, 128, 128, 128]","[3, 5, 5, 6, 3, 5, 3, 6]",8,17,30.960485458374023
78,"[1, 4, 3, 4, 1, 1, 3, 6, 1]","[80, 80, 80, 80, 80, 80, 80, 80, 80]","[5, 5, 4, 5, 6, 5, 4, 3, 5]",9,18,10.61629867553711
79,"[6, 6, 5, 6, 3, 2, 2, 3]","[144, 144, 144, 144, 144, 144, 144, 144]","[3, 3, 4, 5, 5, 5, 5, 5]",8,19,38.60788345336914
80,"[4, 5, 4, 2, 1, 2, 5, 1, 4, 2]","[48, 48, 48, 48, 48, 48, 48, 48, 48, 48]","[5, 3, 6, 5, 4, 3, 6, 5, 4, 4]",10,0,5.567933559417725
81,"[6, 2, 5, 1, 5, 6, 5, 5, 4]","[112, 112, 112, 112, 112, 112, 112, 112, 112]","[6, 5, 5, 5, 3, 6, 5, 5, 5]",9,1,30.214265823364258
82,"[6, 4, 2, 1, 5]","[160, 160, 160, 160, 160]","[4, 6, 5, 6, 3]",5,2,20.289304733276367
83,"[6, 5, 2, 1, 3, 5, 2]","[64, 64, 64, 64, 64, 64, 64]","[4, 5, 6, 3, 4, 4, 5]",7,3,5.568484783172607
84,"[4, 1, 5, 4, 2, 6, 6, 4, 5, 6]","[112, 112, 112, 112, 112, 112, 112, 112, 112, 112]","[3, 4, 4, 6, 3, 6, 6, 5, 5, 6]",10,4,37.56734085083008
85,"[3, 1, 3, 1, 4, 1, 3, 2]","[176, 176, 176, 176, 176, 176, 176, 176]","[6, 6, 6, 6, 3, 6, 5, 4]",8,5,41.37880325317383
86,"[3, 3, 1, 4, 4, 5, 2, 1, 1]","[32, 32, 32, 32, 32, 32, 32, 32, 32]","[5, 5, 3, 3, 4, 3, 6, 3, 5]",9,6,1.3379572629928589
87,"[4, 2, 6, 3, 4, 6]","[64, 64, 64, 64, 64, 64]","[4, 4, 6, 5, 3, 4]",6,7,4.625452995300293
88,"[4, 6, 6, 6, 6]","[176, 176, 176, 176, 176]","[3, 3, 6, 4, 5]",5,8,42.64815902709961
89,"[1, 1, 5, 2, 3, 2, 3, 3, 6, 6]","[48, 48, 48, 48, 48, 48, 48, 48, 48, 48]","[5, 5, 6, 4, 6, 4, 3, 4, 3, 5]",10,9,6.729467868804932
90,"[6, 4, 5, 2, 4]","[160, 160, 160, 160, 160]","[4, 5, 4, 6, 3]",5,10,23.633014678955078
91,"[5, 3, 1, 1]","[112, 112, 112, 112]","[3, 6, 5, 6]",4,11,4.993320941925049
92,"[4, 5, 3, 6, 1, 2, 3, 1, 2, 6]","[176, 176, 176, 176, 176, 176, 176, 176, 176, 176]","[4, 3, 5, 4, 3, 6, 3, 5, 6, 3]",10,12,65.3514175415039
93,"[6, 2, 3, 1, 4, 1, 4, 3, 5, 5]","[48, 48, 48, 48, 48, 48, 48, 48, 48, 48]","[5, 5, 6, 6, 4, 3, 6, 5, 4, 6]",10,13,6.8259358406066895
94,"[1, 1, 1, 3, 1, 2]","[48, 48, 48, 48, 48, 48]","[6, 3, 5, 6, 6, 6]",6,14,1.3668584823608398
95,"[1, 5, 4, 3, 1, 6, 5, 1, 1, 3]","[64, 64, 64, 64, 64, 64, 64, 64, 64, 64]","[5, 3, 6, 3, 4, 5, 3, 3, 6, 5]",10,15,10.183745384216309
96,"[6, 2, 2, 2, 2, 6, 6, 2]","[112, 112, 112, 112, 112, 112, 112, 112]","[5, 3, 6, 6, 3, 4, 4, 5]",8,16,24.809553146362305
97,"[2, 3, 2, 2, 4]","[64, 64, 64, 64, 64]","[6, 5, 4, 6, 3]",5,17,2.4344100952148438
98,"[1, 6, 4, 6, 2, 2, 1, 1]","[32, 32, 32, 32, 32, 32, 32, 32]","[5, 3, 3, 3, 3, 4, 4, 6]",8,18,1.0367696285247803
99,"[4, 5, 6, 3, 6, 2, 2]","[48, 48, 48, 48, 48, 48, 48]","[5, 4, 6, 3, 4, 6, 5]",7,19,3.0179760456085205
100,"[4, 2, 4, 4, 2, 4, 2]","[176, 176, 176, 176, 176, 176, 176]","[6, 6, 3, 5, 5, 5, 3]",7,0,48.662322998046875
101,"[4, 2, 3, 1, 5, 3, 4, 6]","[48, 48, 48, 48, 48, 48, 48, 48]","[3, 3, 4, 6, 3, 6, 6, 6]",8,1,3.751159906387329
102,"[4, 5, 4, 2, 2, 3, 4, 4, 2]","[96, 96, 96, 96, 96, 96, 96, 96, 96]","[5, 3, 5, 5, 4, 5, 6, 3, 4]",9,2,17.37838363647461
103,"[6, 5, 3, 3, 4]","[96, 96, 96, 96, 96]","[3, 5, 6, 3, 6]",5,3,7.213529586791992
104,"[6, 2, 3, 2, 2, 1, 5]","[192, 192, 192, 192, 192, 192, 192]","[5, 4, 3, 6, 6, 6, 3]",7,4,61.66959762573242
105,"[6, 6, 1, 4, 5, 6, 5, 2, 2]","[240, 240, 240, 240, 240, 240, 240, 240, 240]","[4, 4, 4, 4, 3, 4, 6, 5, 5]",9,5,134.7223663330078
106,"[3, 6, 1, 4, 3, 2, 3, 6, 5, 3]","[128, 128, 128, 128, 128, 128, 128, 128, 128, 128]","[4, 6, 5, 4, 6, 5, 6, 6, 5, 6]",10,6,43.059326171875
107,"[1, 6, 2, 2, 1, 5, 5, 6, 6, 5]","[112, 112, 112, 112, 112, 112, 112, 112, 112, 112]","[3, 4, 3, 5, 4, 6, 3, 3, 3, 3]",10,7,35.727882385253906
108,"[6, 4, 3, 1, 6, 4, 3, 5, 6, 3]","[240, 240, 240, 240, 240, 240, 240, 240, 240, 240]","[6, 4, 4, 3, 4, 3, 4, 6, 4, 6]",10,8,155.0462646484375
109,"[4, 3, 1, 5, 2, 4, 2, 4, 5]","[176, 176, 176, 176, 176, 176, 176, 176, 176]","[3, 6, 3, 6, 5, 4, 6, 3, 6]",9,9,63.90093231201172
110,"[3, 5, 4, 5]","[80, 80, 80, 80]","[6, 6, 5, 4]",4,10,3.9732351303100586
111,"[3, 2, 3, 5, 2, 4, 1, 1]","[96, 96, 96, 96, 96, 96, 96, 96]","[6, 6, 6, 3, 5, 6, 4, 3]",8,11,10.985872268676758
112,"[3, 1, 2, 6, 1]","[160, 160, 160, 160, 160]","[4, 4, 3, 3, 6]",5,12,21.459083557128906
113,"[5, 4, 6, 6, 1, 4, 5, 3, 3]","[144, 144, 144, 144, 144, 144, 144, 144, 144]","[3, 3, 4, 4, 6, 5, 5, 4, 3]",9,13,47.7281494140625
114,"[5, 3, 1, 1, 3, 5]","[96, 96, 96, 96, 96, 96]","[6, 4, 5, 6, 4, 4]",6,14,8.351024627685547
115,"[6, 4, 6, 3, 3]","[160, 160, 160, 160, 160]","[6, 4, 3, 6, 5]",5,15,25.939117431640625
116,"[4, 2, 6, 6, 3, 6, 3, 4, 3, 3]","[240, 240, 240, 240, 240, 240, 240, 240, 240, 240]","[6, 5, 3, 6, 5, 3, 6, 4, 5, 4]",10,16,152.51438903808594
117,"[3, 4, 2, 1, 6]","[192, 192, 192, 192, 192]","[6, 6, 6, 6, 4]",5,17,33.34919357299805
118,"[5, 3, 4, 2, 3, 5, 6]","[32, 32, 32, 32, 32, 32, 32]","[3, 3, 6, 5, 6, 4, 6]",7,18,1.6726963520050049
119,"[1, 4, 1, 3, 2, 6, 3, 2]","[160, 160, 160, 160, 160, 160, 160, 160]","[3, 4, 5, 3, 4, 3, 3, 6]",8,19,43.36197280883789
120,"[2, 1, 5, 5]","[32, 32, 32, 32]","[4, 3, 6, 4]",4,0,0.7586426734924316
121,"[5, 4, 1, 5, 2, 2, 2, 4]","[32, 32, 32, 32, 32, 32, 32, 32]","[6, 6, 3, 6, 4, 6, 3, 5]",8,1,1.2467896938323975
122,"[3, 6, 3, 3, 6, 4, 6, 2]","[128, 128, 128, 128, 128, 128, 128, 128]","[3, 5, 3, 3, 5, 3, 4, 4]",8,2,31.885339736938477
123,"[5, 6, 3, 2, 4]","[144, 144, 144, 144, 144]","[3, 3, 6, 3, 6]",5,3,16.778888702392578
124,"[4, 5, 3, 2, 4]","[144, 144, 144, 144, 144]","[5, 6, 3, 5, 4]",5,4,16.1214656829834
125,"[3, 4, 4, 1, 4]","[80, 80, 80, 80, 80]","[3, 6, 6, 4, 6]",5,5,3.78385329246521
126,"[4, 4, 2, 2, 4, 3]","[160, 160, 160, 160, 160, 160]","[5, 6, 4, 3, 4, 5]",6,6,26.76680564880371
127,"[6, 1, 1, 2, 3, 1, 3, 5, 2]","[112, 112, 112, 112, 112, 112, 112, 112, 112]","[6, 6, 4, 6, 6, 4, 4, 6, 3]",9,7,23.785446166992188
128,"[6, 5, 2, 6, 3, 2, 5, 5, 6, 5]","[32, 32, 32, 32, 32, 32, 32, 32, 32, 32]","[6, 4, 6, 4, 6, 3, 4, 6, 5, 4]",10,8,3.957613229751587
129,"[1, 2, 2, 4]","[192, 192, 192, 192]","[4, 3, 6, 5]",4,9,25.062692642211914
130,"[4, 6, 2, 2, 3, 5]","[48, 48, 48, 48, 48, 48]","[5, 6, 6, 6, 5, 6]",6,10,2.020113945007324
131,"[2, 1, 2, 4, 4]","[80, 80, 80, 80, 80]","[4, 5, 3, 3, 6]",5,11,3.944695472717285
132,"[4, 5, 5, 4]","[96, 96, 96, 96]","[4, 3, 4, 6]",4,12,6.3597917556762695
133,"[5, 5, 1, 1, 5, 6, 4]","[80, 80, 80, 80, 80, 80, 80]","[3, 4, 6, 5, 5, 3, 3]",7,13,10.114080429077148
134,"[1, 5, 5, 3, 2, 4, 3, 1]","[48, 48, 48, 48, 48, 48, 48, 48]","[6, 5, 4, 6, 6, 5, 4, 5]",8,14,3.154125213623047
135,"[2, 3, 6, 5]","[112, 112, 112, 112]","[6, 3, 6, 6]",4,15,10.163445472717285
136,"[6, 1, 1, 4, 5, 6, 2]","[96, 96, 96, 96, 96, 96, 96]","[4, 3, 3, 6, 4, 3, 5]",7,16,14.18163013458252
137,"[1, 3, 3, 3, 5, 6, 2]","[112, 112, 112, 112, 112, 112, 112]","[3, 5, 3, 4, 6, 3, 5]",7,17,18.98621368408203
138,"[3, 1, 5, 5, 4]","[144, 144, 144, 144, 144]","[3, 5, 3, 3, 4]",5,18,21.45970916748047
139,"[5, 2, 3, 1]","[80, 80, 80, 80]","[4, 4, 4, 6]",4,19,2.8711631298065186
140,"[6, 6, 4, 3, 2, 3, 6, 3]","[192, 192, 192, 192, 192, 192, 192, 192]","[4, 4, 6, 5, 4, 5, 3, 3]",8,0,80.17411041259766
141,"[3, 3, 6, 3, 1, 1, 5, 1, 3, 1]","[176, 176, 176, 176, 176, 176, 176, 176, 176, 176]","[4, 5, 4, 5, 6, 3, 6, 6, 3, 3]",10,1,75.44647216796875
142,"[3, 2, 3, 2, 6, 4, 6]","[112, 112, 112, 112, 112, 112, 112]","[5, 3, 3, 3, 5, 3, 5]",7,2,21.954193115234375
143,"[6, 3, 1, 6, 2, 6, 5, 2]","[160, 160, 160, 160, 160, 160, 160, 160]","[5, 3, 6, 6, 5, 4, 5, 5]",8,3,57.71144485473633
144,"[4, 6, 1, 4, 3, 2, 5]","[96, 96, 96, 96, 96, 96, 96]","[3, 4, 6, 6, 3, 4, 3]",7,4,15.473641395568848
145,"[2, 2, 4, 1]","[144, 144, 144, 144]","[5, 6, 3, 4]",4,5,9.995409965515137
146,"[3, 4, 4, 4, 6, 1]","[96, 96, 96, 96, 96, 96]","[4, 5, 4, 4, 4, 4]",6,6,9.000892639160156
147,"[2, 2, 5, 3, 5, 1, 2, 2, 6, 4]","[128, 128, 128, 128, 128, 128, 128, 128, 128, 128]","[4, 4, 4, 4, 4, 5, 3, 6, 4, 3]",10,7,40.242218017578125
148,"[4, 5, 4, 2, 4]","[48, 48, 48, 48, 48]","[6, 3, 4, 3, 3]",5,8,1.6684670448303223
149,"[6, 2, 6, 4]","[192, 192, 192, 192]","[6, 5, 6, 5]",4,9,36.24128341674805
150,"[3, 6, 1, 2, 5, 2, 6]","[240, 240, 240, 240, 240, 240, 240]","[4, 3, 3, 3, 6, 4, 6]",7,10,99.78770446777344
151,"[6, 2, 5, 6, 5, 3, 1, 5, 2, 3]","[144, 144, 144, 144, 144, 144, 144, 144, 144, 144]","[5, 5, 5, 5, 4, 3, 6, 4, 6, 5]",10,11,50.041419982910156
152,"[4, 2, 4, 3, 6, 3]","[80, 80, 80, 80, 80, 80]","[5, 6, 6, 6, 5, 4]",6,12,5.953209400177002
153,"[2, 3, 5, 2, 5, 2, 5]","[240, 240, 240, 240, 240, 240, 240]","[6, 5, 5, 6, 5, 6, 3]",7,13,105.44149017333984
154,"[3, 4, 6, 1, 1]","[64, 64, 64, 64, 64]","[4, 3, 5, 3, 4]",5,14,2.521662473678589
155,"[2, 6, 3, 5, 3, 1, 6, 6]","[112, 112, 112, 112, 112, 112, 112, 112]","[3, 3, 4, 5, 4, 6, 6, 5]",8,15,26.420482635498047
156,"[5, 4, 1, 6]","[112, 112, 112, 112]","[3, 4, 3, 5]",4,16,8.839363098144531
157,"[2, 4, 2, 3, 2, 2, 4, 6, 2]","[96, 96, 96, 96, 96, 96, 96, 96, 96]","[6, 4, 3, 3, 6, 3, 4, 3, 6]",9,17,18.656824111938477
158,"[6, 6, 5, 2, 6, 1]","[176, 176, 176, 176, 176, 176]","[5, 4, 5, 5, 6, 6]",6,18,35.9277229309082
159,"[3, 6, 1, 4, 2, 1]","[64, 64, 64, 64, 64, 64]","[5, 6, 6, 6, 4, 6]",6,19,2.8119382858276367
160,"[6, 1, 5, 1, 2, 6, 4, 3, 6]","[176, 176, 176, 176, 176, 176, 176, 176, 176]","[3, 6, 5, 5, 3, 5, 3, 3, 3]",9,0,67.9903793334961
161,"[2, 1, 4, 4]","[48, 48, 48, 48]","[6, 3, 5, 4]",4,1,1.4272633790969849
162,"[4, 6, 5, 6, 2, 1, 2, 4, 1]","[160, 160, 160, 160, 160, 160, 160, 160, 160]","[3, 6, 4, 5, 6, 6, 3, 6, 4]",9,2,46.131752014160156
163,"[6, 2, 5, 2, 1]","[128, 128, 128, 128, 128]","[6, 5, 5, 5, 4]",5,3,11.59811782836914
164,"[1, 6, 1, 5, 1, 1, 6, 3, 2]","[48, 48, 48, 48, 48, 48, 48, 48, 48]","[4, 4, 3, 5, 3, 5, 4, 5, 3]",9,4,4.249025821685791
165,"[2, 3, 4, 3, 6, 4]","[128, 128, 128, 128, 128, 128]","[6, 3, 3, 5, 6, 6]",6,5,19.740251541137695
166,"[4, 5, 4, 5, 1, 2, 2, 6]","[192, 192, 192, 192, 192, 192, 192, 192]","[6, 5, 4, 3, 4, 4, 3, 6]",8,6,68.79107666015625
167,"[1, 6, 1, 5, 3, 5, 3, 3]","[112, 112, 112, 112, 112, 112, 112, 112]","[6, 6, 5, 6, 5, 4, 3, 6]",8,7,22.06328582763672
168,"[5, 1, 2, 5, 1, 4]","[32, 32, 32, 32, 32, 32]","[3, 5, 6, 4, 3, 3]",6,8,0.8665127158164978
169,"[3, 1, 3, 2, 3, 3, 4, 4]","[160, 160, 160, 160, 160, 160, 160, 160]","[6, 3, 4, 6, 5, 4, 3, 6]",8,9,44.05754089355469
170,"[2, 4, 6, 3, 6, 5, 4, 2, 1]","[80, 80, 80, 80, 80, 80, 80, 80, 80]","[6, 4, 6, 5, 5, 6, 4, 6, 6]",9,10,12.557174682617188
171,"[4, 3, 2, 2, 3, 2]","[80, 80, 80, 80, 80, 80]","[5, 6, 4, 5, 4, 5]",6,11,4.423650741577148
172,"[3, 5, 2, 5, 6]","[176, 176, 176, 176, 176]","[3, 6, 6, 4, 4]",5,12,36.24739074707031
173,"[5, 2, 6, 1, 5, 4]","[128, 128, 128, 128, 128, 128]","[4, 5, 6, 5, 4, 5]",6,13,19.541595458984375
174,"[6, 1, 1, 2, 2, 5]","[128, 128, 128, 128, 128, 128]","[4, 6, 3, 5, 5, 6]",6,14,16.523374557495117
175,"[3, 6, 6, 6, 6, 4, 1, 1, 1, 3]","[192, 192, 192, 192, 192, 192, 192, 192, 192, 192]","[4, 5, 6, 5, 6, 6, 5, 4, 3, 3]",10,15,87.7120590209961
176,"[5, 1, 6, 5]","[32, 32, 32, 32]","[5, 3, 4, 3]",4,16,0.8261072635650635
177,"[1, 6, 3, 1, 5, 4, 6, 2, 5, 5]","[144, 144, 144, 144, 144, 144, 144, 144, 144, 144]","[4, 5, 5, 4, 4, 4, 4, 4, 4, 5]",10,17,52.19953536987305
178,"[3, 2, 6, 5, 3, 2, 1, 2, 6, 4]","[32, 32, 32, 32, 32, 32, 32, 32, 32, 32]","[4, 4, 3, 5, 6, 4, 5, 3, 5, 4]",10,18,2.6382193565368652
179,"[2, 6, 5, 6, 1]","[160, 160, 160, 160, 160]","[6, 4, 4, 6, 3]",5,19,25.792457580566406
180,"[2, 6, 2, 4, 3, 6]","[144, 144, 144, 144, 144, 144]","[6, 4, 5, 4, 3, 5]",6,0,26.156551361083984
181,"[3, 5, 5, 3, 2, 3]","[160, 160, 160, 160, 160, 160]","[6, 3, 4, 6, 3, 3]",6,1,29.889528274536133
182,"[2, 6, 4, 2, 4, 3, 6, 5, 2, 2]","[240, 240, 240, 240, 240, 240, 240, 240, 240, 240]","[3, 5, 6, 5, 6, 3, 5, 6, 6, 4]",10,2,135.46559143066406
183,"[5, 5, 2, 6, 1, 3, 5, 4, 5]","[160, 160, 160, 160, 160, 160, 160, 160, 160]","[6, 4, 6, 4, 6, 3, 3, 6, 3]",9,3,60.06821823120117
184,"[4, 6, 6, 2, 1, 2, 2, 2, 1]","[48, 48, 48, 48, 48, 48, 48, 48, 48]","[6, 6, 3, 4, 4, 4, 6, 3, 4]",9,4,3.4296822547912598
185,"[2, 5, 2, 5, 5, 5, 6, 5]","[240, 240, 240, 240, 240, 240, 240, 240]","[6, 6, 5, 6, 3, 5, 5, 4]",8,5,130.88876342773438
186,"[1, 2, 4, 2, 5, 6, 2, 1, 2]","[192, 192, 192, 192, 192, 192, 192, 192, 192]","[4, 6, 6, 3, 5, 5, 6, 5, 5]",9,6,70.9580307006836
187,"[5, 1, 4, 3]","[80, 80, 80, 80]","[3, 4, 4, 6]",4,7,3.457102060317993
188,"[1, 4, 3, 2, 5, 6, 3, 6, 6, 2]","[128, 128, 128, 128, 128, 128, 128, 128, 128, 128]","[3, 5, 5, 3, 5, 4, 4, 5, 6, 6]",10,8,40.28537368774414
189,"[2, 4, 1, 3]","[64, 64, 64, 64]","[4, 4, 6, 5]",4,9,1.8207225799560547
190,"[2, 5, 4, 3, 6, 2, 1, 2]","[192, 192, 192, 192, 192, 192, 192, 192]","[4, 6, 6, 4, 3, 5, 6, 3]",8,10,63.93511962890625
191,"[6, 1, 1, 4, 2, 5]","[240, 240, 240, 240, 240, 240]","[3, 3, 3, 6, 5, 5]",6,11,77.49044799804688
192,"[4, 2, 2, 6, 1, 6, 5, 6]","[176, 176, 176, 176, 176, 176, 176, 176]","[4, 6, 4, 3, 4, 4, 4, 4]",8,12,63.25638198852539
193,"[2, 1, 1, 3, 1, 3, 5, 4]","[112, 112, 112, 112, 112, 112, 112, 112]","[5, 6, 3, 3, 4, 6, 3, 5]",8,13,22.1900634765625
194,"[6, 4, 4, 1, 3, 6]","[144, 144, 144, 144, 144, 144]","[4, 4, 3, 4, 4, 4]",6,14,26.468624114990234
195,"[1, 3, 4, 5, 5, 5]","[144, 144, 144, 144, 144, 144]","[4, 5, 6, 4, 5, 3]",6,15,28.14890480041504
196,"[6, 3, 2, 6, 3, 3, 1, 3, 2]","[64, 64, 64, 64, 64, 64, 64, 64, 64]","[6, 3, 6, 6, 3, 5, 6, 6, 4]",9,16,6.4009623527526855
197,"[1, 3, 1, 4, 6, 3, 2, 4, 4, 3]","[192, 192, 192, 192, 192, 192, 192, 192, 192, 192]","[6, 4, 6, 5, 4, 3, 4, 5, 5, 3]",10,17,92.13444519042969
198,"[4, 3, 3, 5]","[192, 192, 192, 192]","[4, 5, 6, 4]",4,18,32.731849670410156
199,"[2, 3, 6, 4]","[128, 128, 128, 128]","[6, 4, 5, 6]",4,19,12.497188568115234
200,"[3, 5, 1, 1, 5, 4, 2]","[128, 128, 128, 128, 128, 128, 128]","[3, 3, 6, 6, 4, 6, 3]",7,0,23.20632553100586
201,"[6, 3, 5, 2]","[32, 32, 32, 32]","[5, 5, 3, 5]",4,1,0.7342770099639893
202,"[1, 1, 3, 3, 4]","[160, 160, 160, 160, 160]","[4, 4, 5, 6, 5]",5,2,20.74750328063965
203,"[4, 4, 1, 1, 1]","[160, 160, 160, 160, 160]","[3, 5, 4, 5, 3]",5,3,13.929017066955566
204,"[3, 1, 1, 5, 5, 3, 6, 1, 2, 1]","[32, 32, 32, 32, 32, 32, 32, 32, 32, 32]","[4, 6, 4, 4, 6, 5, 4, 6, 3, 6]",10,4,2.5306711196899414
205,"[1, 3, 1, 6]","[80, 80, 80, 80]","[6, 4, 5, 6]",4,5,3.193270683288574
206,"[6, 5, 5, 5, 3, 2, 4]","[192, 192, 192, 192, 192, 192, 192]","[3, 6, 4, 5, 5, 5, 6]",7,6,71.57881164550781
207,"[6, 4, 6, 6, 3, 3, 3, 2, 2, 2]","[240, 240, 240, 240, 240, 240, 240, 240, 240, 240]","[6, 5, 3, 5, 6, 5, 4, 3, 3, 6]",10,7,127.99270629882812
208,"[2, 2, 4, 6, 5, 3, 5, 2]","[176, 176, 176, 176, 176, 176, 176, 176]","[3, 6, 6, 6, 6, 5, 3, 4]",8,8,64.93463134765625
209,"[1, 4, 2, 6, 1]","[32, 32, 32, 32, 32]","[6, 5, 4, 3, 6]",5,9,0.7042774558067322
210,"[4, 6, 6, 3, 6, 1, 2, 5]","[128, 128, 128, 128, 128, 128, 128, 128]","[5, 6, 6, 5, 3, 3, 3, 5]",8,10,26.413602828979492
211,"[4, 4, 6, 6, 6, 2, 3, 4, 4]","[144, 144, 144, 144, 144, 144, 144, 144, 144]","[3, 6, 5, 6, 4, 6, 6, 6, 5]",9,11,48.35147476196289
212,"[3, 3, 4, 5, 6, 2, 3, 1]","[128, 128, 128, 128, 128, 128, 128, 128]","[6, 6, 6, 5, 3, 4, 5, 4]",8,12,27.356887817382812
213,"[5, 3, 2, 2]","[176, 176, 176, 176]","[6, 3, 3, 4]",4,13,18.10878562927246
214,"[2, 6, 2, 1]","[128, 128, 128, 128]","[6, 6, 4, 5]",4,14,6.90721321105957
215,"[3, 5, 1, 2, 4, 2, 1]","[176, 176, 176, 176, 176, 176, 176]","[3, 6, 5, 5, 5, 6, 3]",7,15,40.018672943115234
216,"[3, 3, 4, 1, 1, 6, 6, 3, 2, 4]","[96, 96, 96, 96, 96, 96, 96, 96, 96, 96]","[5, 4, 6, 3, 6, 3, 3, 3, 5, 3]",10,16,18.78424835205078
217,"[1, 1, 1, 5, 1, 2]","[48, 48, 48, 48, 48, 48]","[4, 6, 3, 4, 3, 4]",6,17,1.4935411214828491
218,"[6, 1, 5, 6]","[128, 128, 128, 128]","[3, 4, 3, 6]",4,18,14.522857666015625
219,"[1, 4, 6, 4]","[240, 240, 240, 240]","[4, 3, 4, 5]",4,19,55.892250061035156
220,"[4, 5, 2, 1, 6, 5, 1, 6, 5, 2]","[112, 112, 112, 112, 112, 112, 112, 112, 112, 112]","[3, 6, 5, 5, 6, 5, 4, 3, 4, 6]",10,0,34.08829116821289
221,"[3, 3, 5, 3, 1, 1, 1, 2, 3]","[64, 64, 64, 64, 64, 64, 64, 64, 64]","[4, 4, 4, 3, 6, 6, 4, 5, 5]",9,1,6.170310020446777
222,"[1, 2, 6, 3, 6, 3, 2, 6, 1, 5]","[96, 96, 96, 96, 96, 96, 96, 96, 96, 96]","[6, 4, 5, 5, 4, 3, 4, 5, 6, 3]",10,2,19.896196365356445
223,"[4, 5, 3, 1, 6, 3, 2, 4, 1, 4]","[80, 80, 80, 80, 80, 80, 80, 80, 80, 80]","[5, 4, 5, 3, 5, 3, 5, 6, 3, 5]",10,3,12.98109245300293
224,"[6, 2, 3, 3, 5, 6, 1, 2, 4]","[112, 112, 112, 112, 112, 112, 112, 112, 112]","[4, 3, 6, 5, 3, 5, 3, 3, 4]",9,4,26.404685974121094
225,"[4, 2, 5, 5, 2]","[112, 112, 112, 112, 112]","[3, 4, 6, 6, 5]",5,5,10.84130859375
226,"[1, 1, 4, 3, 2, 4]","[128, 128, 128, 128, 128, 128]","[4, 6, 3, 4, 6, 6]",6,6,16.3678035736084
227,"[2, 6, 4, 4, 4]","[96, 96, 96, 96, 96]","[4, 5, 3, 4, 3]",5,7,7.285558700561523
228,"[2, 1, 2, 3, 2, 4, 3, 5, 6]","[96, 96, 96, 96, 96, 96, 96, 96, 96]","[6, 5, 6, 6, 6, 3, 5, 5, 5]",9,8,22.377748489379883
229,"[3, 4, 5, 5, 1, 4, 6, 5, 5]","[240, 240, 240, 240, 240, 240, 240, 240, 240]","[4, 6, 5, 6, 3, 3, 6, 3, 5]",9,9,149.01162719726562
230,"[1, 1, 4, 6, 4, 5, 3, 5, 4, 5]","[48, 48, 48, 48, 48, 48, 48, 48, 48, 48]","[6, 6, 4, 3, 5, 4, 5, 6, 3, 4]",10,10,6.497486591339111
231,"[5, 4, 6, 2, 4]","[144, 144, 144, 144, 144]","[5, 6, 4, 6, 5]",5,11,18.34058380126953
232,"[6, 5, 6, 2, 1, 3]","[64, 64, 64, 64, 64, 64]","[5, 6, 3, 5, 4, 4]",6,12,3.620445728302002
233,"[3, 2, 1, 1]","[64, 64, 64, 64]","[6, 6, 3, 3]",4,13,1.4931248426437378
234,"[4, 5, 2, 5, 3, 1, 3, 3, 2]","[176, 176, 176, 176, 176, 176, 176, 176, 176]","[6, 5, 3, 5, 3, 3, 3, 5, 5]",9,14,56.29592514038086
235,"[2, 1, 6, 4, 4, 4]","[192, 192, 192, 192, 192, 192]","[4, 3, 6, 5, 6, 6]",6,15,54.558013916015625
236,"[4, 2, 4, 2, 4, 6, 2]","[144, 144, 144, 144, 144, 144, 144]","[5, 3, 4, 6, 5, 5, 5]",7,16,34.40459060668945
237,"[2, 2, 4, 2, 6, 3]","[64, 64, 64, 64, 64, 64]","[4, 6, 4, 3, 6, 5]",6,17,3.9011926651000977
238,"[6, 3, 2, 3]","[112, 112, 112, 112]","[5, 3, 3, 6]",4,18,7.453357219696045
239,"[3, 3, 3, 1, 2, 6, 6, 3, 6, 2]","[128, 128, 128, 128, 128, 128, 128, 128, 128, 128]","[4, 4, 6, 4, 3, 5, 3, 3, 6, 3]",10,19,36.82560348510742
240,"[4, 6, 2, 6, 2, 1, 1]","[80, 80, 80, 80, 80, 80, 80]","[4, 3, 6, 3, 5, 3, 3]",7,0,6.148623466491699
241,"[6, 3, 4, 2, 5, 4, 6, 3, 3, 6]","[112, 112, 112, 112, 112, 112, 112, 112, 112, 112]","[4, 6, 5, 4, 4, 3, 4, 5, 6, 3]",10,1,37.06620407104492
242,"[4, 3, 4, 1, 2, 3, 2, 4]","[80, 80, 80, 80, 80, 80, 80, 80]","[4, 4, 3, 4, 6, 6, 3, 5]",8,2,7.683639049530029
243,"[3, 2, 2, 2]","[160, 160, 160, 160]","[5, 6, 5, 6]",4,3,13.181126594543457
244,"[3, 3, 1, 5, 6, 5, 2, 3, 2]","[112, 112, 112, 112, 112, 112, 112, 112, 112]","[3, 5, 6, 4, 3, 3, 6, 6, 6]",9,4,25.25020980834961
245,"[3, 2, 3, 4, 2, 5, 6, 6]","[32, 32, 32, 32, 32, 32, 32, 32]","[3, 6, 4, 3, 3, 3, 4, 3]",8,5,1.8567849397659302
246,"[3, 6, 2, 1, 6, 1]","[80, 80, 80, 80, 80, 80]","[4, 4, 5, 6, 5, 6]",6,6,4.6052117347717285
247,"[6, 1, 5, 6, 2, 5, 1]","[112, 112, 112, 112, 112, 112, 112]","[6, 3, 6, 4, 4, 3, 4]",7,7,17.6397647857666
248,"[3, 3, 4, 3, 5, 4, 4, 3, 3, 5]","[96, 96, 96, 96, 96, 96, 96, 96, 96, 96]","[5, 6, 5, 6, 5, 6, 5, 3, 4, 6]",10,8,22.040861129760742
249,"[4, 6, 6, 6, 2, 2, 4]","[192, 192, 192, 192, 192, 192, 192]","[4, 4, 4, 3, 5, 4, 4]",7,9,73.1122817993164
250,"[1, 4, 2, 4, 2, 1, 1]","[112, 112, 112, 112, 112, 112, 112]","[3, 3, 3, 4, 4, 4, 5]",7,10,12.992557525634766
251,"[1, 4, 4, 2]","[176, 176, 176, 176]","[5, 4, 4, 6]",4,11,19.232751846313477
252,"[1, 2, 4, 1, 6, 2]","[144, 144, 144, 144, 144, 144]","[4, 4, 5, 5, 5, 4]",6,12,19.343524932861328
253,"[3, 5, 1, 1, 4, 1, 1, 2, 3]","[96, 96, 96, 96, 96, 96, 96, 96, 96]","[6, 4, 5, 6, 3, 5, 3, 6, 6]",9,13,14.171375274658203
254,"[4, 6, 1, 3, 3]","[176, 176, 176, 176, 176]","[4, 3, 5, 6, 3]",5,14,27.29066276550293
255,"[2, 2, 6, 5, 5, 3, 6, 6, 4]","[48, 48, 48, 48, 48, 48, 48, 48, 48]","[3, 6, 5, 6, 5, 3, 6, 3, 6]",9,15,5.798032283782959
256,"[3, 3, 3, 5, 2]","[128, 128, 128, 128, 128]","[6, 6, 3, 5, 4]",5,16,13.445314407348633
257,"[1, 3, 2, 5, 2, 1, 4, 5, 4, 5]","[80, 80, 80, 80, 80, 80, 80, 80, 80, 80]","[4, 6, 5, 4, 5, 4, 3, 3, 4, 3]",10,17,15.783748626708984
258,"[6, 6, 2, 1, 4, 3, 3]","[80, 80, 80, 80, 80, 80, 80]","[5, 5, 6, 3, 5, 6, 6]",7,18,9.040814399719238
259,"[6, 6, 4, 1, 5, 5, 6, 4, 6, 3]","[64, 64, 64, 64, 64, 64, 64, 64, 64, 64]","[4, 5, 5, 4, 4, 5, 4, 3, 5, 6]",10,19,15.756888389587402
260,"[3, 6, 5, 2, 4, 1]","[192, 192, 192, 192, 192, 192]","[3, 4, 6, 6, 3, 3]",6,0,43.755088806152344
261,"[2, 5, 1, 2, 3, 6, 4, 5]","[144, 144, 144, 144, 144, 144, 144, 144]","[3, 4, 4, 3, 6, 5, 4, 3]",8,1,38.43229293823242
262,"[1, 6, 1, 5]","[160, 160, 160, 160]","[4, 4, 6, 4]",4,2,18.39860725402832
263,"[5, 6, 5, 1, 2, 3]","[176, 176, 176, 176, 176, 176]","[3, 5, 5, 4, 5, 3]",6,3,35.7157096862793
264,"[3, 1, 3, 3, 3, 1, 3]","[80, 80, 80, 80, 80, 80, 80]","[4, 5, 3, 3, 6, 3, 6]",7,4,7.562369346618652
265,"[4, 5, 4, 3, 1, 2, 6, 5, 4, 5]","[32, 32, 32, 32, 32, 32, 32, 32, 32, 32]","[3, 3, 3, 3, 4, 6, 6, 4, 4, 3]",10,5,3.5125226974487305
266,"[1, 4, 4, 3, 2, 4, 1, 6, 3, 6]","[144, 144, 144, 144, 144, 144, 144, 144, 144, 144]","[6, 4, 5, 4, 3, 6, 6, 3, 4, 5]",10,6,49.25361633300781
267,"[2, 5, 2, 2, 1, 2, 1, 3, 3]","[176, 176, 176, 176, 176, 176, 176, 176, 176]","[5, 5, 4, 4, 6, 5, 3, 6, 3]",9,7,54.761844635009766
268,"[4, 2, 4, 2, 4, 4, 2, 5, 6, 4]","[64, 64, 64, 64, 64, 64, 64, 64, 64, 64]","[5, 3, 4, 4, 6, 6, 4, 3, 3, 4]",10,8,12.594757080078125
269,"[1, 3, 1, 2, 5, 6]","[32, 32, 32, 32, 32, 32]","[4, 6, 5, 3, 5, 4]",6,9,0.8650134801864624
270,"[2, 6, 4, 6, 5, 3, 4, 1]","[96, 96, 96, 96, 96, 96, 96, 96]","[4, 5, 4, 5, 3, 5, 6, 5]",8,10,16.4603271484375
271,"[3, 6, 1, 3]","[80, 80, 80, 80]","[5, 4, 5, 4]",4,11,2.7897562980651855
272,"[2, 2, 6, 4, 1, 5, 3, 6, 2, 3]","[160, 160, 160, 160, 160, 160, 160, 160, 160, 160]","[6, 3, 3, 6, 3, 5, 4, 5, 3, 3]",10,12,65.75341796875
273,"[6, 5, 3, 2, 2, 1, 3]","[144, 144, 144, 144, 144, 144, 144]","[5, 4, 6, 5, 4, 4, 3]",7,13,29.426876068115234
274,"[2, 3, 4, 3, 3, 1, 2, 4, 6, 3]","[32, 32, 32, 32, 32, 32, 32, 32, 32, 32]","[4, 3, 6, 6, 6, 5, 5, 6, 4, 5]",10,14,2.564347267150879
275,"[6, 1, 4, 5, 2, 1, 1]","[176, 176, 176, 176, 176, 176, 176]","[6, 4, 5, 3, 6, 5, 3]",7,15,41.501319885253906
276,"[4, 6, 4, 5]","[192, 192, 192, 192]","[5, 4, 4, 4]",4,16,36.07188415527344
277,"[1, 1, 5, 5, 2, 3, 3, 4, 5]","[48, 48, 48, 48, 48, 48, 48, 48, 48]","[4, 6, 4, 4, 5, 4, 3, 5, 4]",9,17,5.151758193969727
278,"[3, 5, 2, 1, 6, 6, 5, 1]","[96, 96, 96, 96, 96, 96, 96, 96]","[6, 6, 5, 5, 3, 4, 3, 6]",8,18,16.53475570678711
279,"[6, 3, 2, 5, 3, 3, 6, 6]","[96, 96, 96, 96, 96, 96, 96, 96]","[3, 6, 4, 3, 3, 6, 5, 5]",8,19,19.24686050415039
280,"[1, 3, 6, 3, 6, 2, 3]","[128, 128, 128, 128, 128, 128, 128]","[5, 5, 6, 4, 3, 6, 5]",7,0,25.800634384155273
281,"[5, 1, 5, 1, 3, 1, 4, 2, 1, 2]","[32, 32, 32, 32, 32, 32, 32, 32, 32, 32]","[3, 5, 4, 5, 4, 3, 4, 6, 5, 5]",10,1,2.130598783493042
282,"[4, 3, 6, 4]","[64, 64, 64, 64]","[4, 4, 6, 3]",4,2,2.843433141708374
283,"[1, 2, 5, 6, 1, 1, 3, 1, 6, 2]","[240, 240, 240, 240, 240, 240, 240, 240, 240, 240]","[4, 6, 5, 5, 5, 5, 6, 3, 4, 4]",10,3,132.3489227294922
284,"[2, 1, 2, 1, 1]","[32, 32, 32, 32, 32]","[3, 6, 6, 6, 6]",5,4,0.587216317653656
285,"[5, 6, 5, 6, 3, 6, 5, 2, 2]","[240, 240, 240, 240, 240, 240, 240, 240, 240]","[5, 5, 6, 3, 6, 4, 6, 5, 5]",9,5,148.9491729736328
286,"[3, 5, 6, 3]","[176, 176, 176, 176]","[5, 6, 6, 3]",4,6,26.362199783325195
287,"[3, 3, 6, 1, 6, 4, 3, 6, 1, 1]","[144, 144, 144, 144, 144, 144, 144, 144, 144, 144]","[5, 3, 4, 3, 3, 3, 5, 6, 3, 3]",10,7,45.62074661254883
288,"[2, 3, 5, 3, 3, 2, 6, 4, 5]","[64, 64, 64, 64, 64, 64, 64, 64, 64]","[6, 6, 5, 5, 3, 5, 3, 5, 3]",9,8,11.019775390625
289,"[4, 3, 3, 3, 5, 6, 6]","[48, 48, 48, 48, 48, 48, 48]","[4, 4, 6, 6, 5, 6, 3]",7,9,3.9930474758148193
290,"[2, 5, 1, 3, 3, 3, 3, 1, 4]","[48, 48, 48, 48, 48, 48, 48, 48, 48]","[5, 4, 5, 6, 3, 5, 5, 5, 5]",9,10,4.180489540100098
291,"[3, 1, 4, 5, 2, 3, 5, 3, 6, 3]","[144, 144, 144, 144, 144, 144, 144, 144, 144, 144]","[6, 3, 6, 4, 4, 5, 4, 3, 3, 6]",10,11,52.058109283447266
292,"[4, 6, 5, 1, 3, 1, 6, 1, 4, 3]","[32, 32, 32, 32, 32, 32, 32, 32, 32, 32]","[4, 4, 6, 3, 6, 3, 5, 3, 4, 3]",10,12,2.8489160537719727
293,"[4, 5, 6, 5, 3, 1]","[32, 32, 32, 32, 32, 32]","[5, 6, 5, 5, 5, 4]",6,13,0.9731762409210205
294,"[5, 2, 4, 5, 6, 1, 6, 4, 3]","[160, 160, 160, 160, 160, 160, 160, 160, 160]","[3, 4, 3, 4, 3, 5, 4, 4, 6]",9,14,66.29499816894531
295,"[4, 2, 4, 3, 2, 1, 3]","[192, 192, 192, 192, 192, 192, 192]","[5, 5, 5, 4, 6, 3, 3]",7,15,54.44728469848633
296,"[2, 5, 3, 5]","[176, 176, 176, 176]","[4, 3, 3, 4]",4,16,26.680662155151367
297,"[1, 2, 2, 5, 2]","[112, 112, 112, 112, 112]","[6, 6, 3, 5, 5]",5,17,9.22214126586914
298,"[5, 1, 2, 5, 1, 3, 3, 3, 1, 5]","[176, 176, 176, 176, 176, 176, 176, 176, 176, 176]","[5, 5, 3, 6, 4, 5, 5, 4, 4, 4]",10,18,72.56037902832031
299,"[5, 1, 3, 5, 5]","[96, 96, 96, 96, 96]","[3, 4, 5, 5, 6]",5,19,7.966711044311523
300,"[2, 4, 4, 3, 1, 3, 2]","[96, 96, 96, 96, 96, 96, 96]","[5, 4, 5, 6, 3, 5, 5]",7,0,11.194369316101074
301,"[6, 3, 2, 4, 2, 2, 2, 5, 4, 5]","[128, 128, 128, 128, 128, 128, 128, 128, 128, 128]","[6, 4, 3, 5, 4, 3, 6, 6, 3, 3]",10,1,40.37563705444336
302,"[5, 6, 2, 4, 1, 6]","[128, 128, 128, 128, 128, 128]","[4, 6, 6, 6, 6, 6]",6,2,18.185131072998047
303,"[3, 2, 2, 3]","[80, 80, 80, 80]","[3, 6, 4, 6]",4,3,2.8749618530273438
304,"[2, 3, 1, 4, 3, 4, 3, 5, 2]","[176, 176, 176, 176, 176, 176, 176, 176, 176]","[5, 3, 6, 4, 5, 4, 5, 3, 5]",9,4,61.432090759277344
305,"[6, 2, 1, 2, 5, 4, 2]","[176, 176, 176, 176, 176, 176, 176]","[5, 4, 4, 6, 6, 5, 6]",7,5,47.17095184326172
306,"[2, 1, 6, 5, 4, 6, 4, 3, 3]","[144, 144, 144, 144, 144, 144, 144, 144, 144]","[4, 5, 6, 5, 6, 4, 6, 4, 4]",9,6,44.66901779174805
307,"[4, 1, 6, 6, 4, 2, 5, 3, 6, 4]","[80, 80, 80, 80, 80, 80, 80, 80, 80, 80]","[3, 5, 5, 4, 4, 4, 5, 4, 4, 5]",10,7,17.21580696105957
308,"[5, 5, 2, 1, 1, 2, 3, 5, 3, 3]","[160, 160, 160, 160, 160, 160, 160, 160, 160, 160]","[4, 3, 5, 5, 3, 6, 5, 5, 5, 3]",10,8,54.795127868652344
309,"[1, 1, 3, 6, 4, 5, 4, 3]","[32, 32, 32, 32, 32, 32, 32, 32]","[4, 3, 6, 6, 3, 5, 5, 4]",8,9,1.5130631923675537
310,"[2, 4, 3, 1]","[48, 48, 48, 48]","[5, 5, 6, 3]",4,10,1.1534755229949951
311,"[5, 2, 2, 3, 6, 5, 4, 2]","[80, 80, 80, 80, 80, 80, 80, 80]","[3, 3, 3, 5, 4, 6, 3, 6]",8,11,11.030202865600586
312,"[1, 1, 6, 2, 3, 2]","[32, 32, 32, 32, 32, 32]","[4, 4, 6, 6, 4, 4]",6,12,0.8750354051589966
313,"[3, 4, 6, 2, 5, 1, 5, 3]","[128, 128, 128, 128, 128, 128, 128, 128]","[5, 5, 4, 6, 4, 3, 3, 5]",8,13,28.798112869262695
314,"[1, 1, 1, 3, 3, 1, 5, 3, 1]","[64, 64, 64, 64, 64, 64, 64, 64, 64]","[4, 5, 3, 3, 6, 6, 4, 5, 4]",9,14,7.399641990661621
315,"[2, 1, 6, 5, 1]","[80, 80, 80, 80, 80]","[6, 6, 4, 6, 4]",5,15,4.368363380432129
316,"[1, 3, 2, 6, 3, 1, 4, 4]","[176, 176, 176, 176, 176, 176, 176, 176]","[4, 6, 5, 6, 4, 6, 4, 4]",8,16,55.02192306518555
317,"[3, 4, 3, 4, 2, 2, 6]","[144, 144, 144, 144, 144, 144, 144]","[6, 3, 4, 5, 5, 3, 5]",7,17,37.096988677978516
318,"[2, 4, 2, 3, 5, 3, 1, 3, 1, 4]","[48, 48, 48, 48, 48, 48, 48, 48, 48, 48]","[3, 3, 3, 3, 6, 5, 6, 5, 3, 6]",10,18,4.390460968017578
319,"[3, 6, 1, 3, 1, 1, 3]","[48, 48, 48, 48, 48, 48, 48]","[3, 3, 3, 3, 4, 6, 5]",7,19,2.5383152961730957
320,"[2, 1, 2, 5]","[128, 128, 128, 128]","[4, 4, 6, 5]",4,0,10.196741104125977
321,"[1, 5, 5, 4, 1]","[80, 80, 80, 80, 80]","[4, 4, 6, 6, 3]",5,1,4.0814104080200195
322,"[1, 2, 4, 6, 4]","[64, 64, 64, 64, 64]","[6, 5, 4, 3, 6]",5,2,3.2481637001037598
323,"[4, 6, 5, 2, 1, 3, 4, 5, 4]","[80, 80, 80, 80, 80, 80, 80, 80, 80]","[6, 6, 5, 4, 3, 5, 4, 5, 5]",9,3,14.112299919128418
324,"[5, 4, 3, 3, 4, 3, 6, 3, 2, 1]","[144, 144, 144, 144, 144, 144, 144, 144, 144, 144]","[5, 5, 4, 3, 4, 6, 4, 5, 4, 6]",10,4,49.48047637939453
325,"[2, 3, 5, 3, 4, 1, 5, 4, 4, 6]","[176, 176, 176, 176, 176, 176, 176, 176, 176, 176]","[3, 4, 3, 5, 5, 3, 6, 6, 4, 3]",10,5,82.94673919677734
326,"[1, 4, 4, 3, 4]","[48, 48, 48, 48, 48]","[6, 3, 5, 6, 3]",5,6,1.6448001861572266
327,"[2, 5, 5, 2]","[160, 160, 160, 160]","[4, 5, 6, 4]",4,7,16.757081985473633
328,"[4, 2, 6, 1, 3, 2]","[96, 96, 96, 96, 96, 96]","[4, 4, 4, 3, 3, 6]",6,8,7.63217830657959
329,"[6, 5, 1, 4, 4, 5]","[48, 48, 48, 48, 48, 48]","[4, 3, 4, 3, 6, 5]",6,9,2.231785774230957
330,"[3, 1, 6, 4, 6, 5, 2, 3, 4, 1]","[96, 96, 96, 96, 96, 96, 96, 96, 96, 96]","[6, 6, 6, 4, 4, 3, 3, 4, 6, 5]",10,10,23.479562759399414
331,"[6, 5, 1, 3, 6]","[32, 32, 32, 32, 32]","[5, 3, 4, 3, 6]",5,11,0.8118690252304077
332,"[3, 3, 4, 2, 1, 6, 5]","[80, 80, 80, 80, 80, 80, 80]","[4, 4, 6, 4, 5, 3, 3]",7,12,10.382207870483398
333,"[5, 6, 3, 3]","[112, 112, 112, 112]","[6, 5, 5, 5]",4,13,7.872824668884277
334,"[1, 6, 4, 5, 1]","[80, 80, 80, 80, 80]","[3, 4, 4, 5, 6]",5,14,4.094946384429932
335,"[3, 6, 3, 6, 3, 3, 5, 6]","[240, 240, 240, 240, 240, 240, 240, 240]","[3, 3, 6, 3, 6, 6, 3, 3]",8,15,134.675048828125
336,"[6, 2, 4, 6, 2, 4, 5]","[192, 192, 192, 192, 192, 192, 192]","[3, 5, 6, 5, 5, 4, 3]",7,16,74.57083129882812
337,"[4, 5, 3, 5, 2, 5, 6, 6]","[160, 160, 160, 160, 160, 160, 160, 160]","[3, 4, 6, 6, 4, 3, 4, 5]",8,17,57.55152130126953
338,"[3, 1, 5, 3, 6]","[176, 176, 176, 176, 176]","[5, 6, 4, 3, 4]",5,18,31.872251510620117
339,"[2, 4, 3, 1, 1, 4]","[80, 80, 80, 80, 80, 80]","[6, 3, 4, 3, 5, 6]",6,19,4.670848846435547
340,"[3, 4, 5, 3, 5, 2, 6, 1, 3, 2]","[80, 80, 80, 80, 80, 80, 80, 80, 80, 80]","[3, 6, 6, 5, 5, 4, 4, 3, 6, 4]",10,0,17.24907112121582
341,"[2, 2, 4, 2, 1, 1]","[176, 176, 176, 176, 176, 176]","[4, 6, 6, 6, 3, 4]",6,1,27.030006408691406
342,"[6, 3, 6, 1, 5, 2]","[192, 192, 192, 192, 192, 192]","[5, 6, 6, 3, 5, 3]",6,2,48.28921127319336
343,"[3, 2, 5, 5, 1, 1, 3]","[192, 192, 192, 192, 192, 192, 192]","[6, 4, 5, 5, 3, 3, 3]",7,3,61.76710891723633
344,"[4, 2, 4, 2, 4, 5, 6, 6]","[192, 192, 192, 192, 192, 192, 192, 192]","[6, 6, 4, 4, 3, 6, 3, 6]",8,4,79.44920349121094
345,"[3, 6, 2, 1, 5, 5, 3, 4, 5]","[176, 176, 176, 176, 176, 176, 176, 176, 176]","[4, 6, 6, 3, 4, 5, 5, 5, 6]",9,5,70.80533599853516
346,"[6, 4, 1, 4]","[176, 176, 176, 176]","[5, 6, 5, 6]",4,6,22.48752212524414
347,"[6, 3, 2, 4]","[240, 240, 240, 240]","[6, 5, 6, 4]",4,7,50.65536117553711
348,"[3, 1, 3, 6, 5, 2, 5]","[96, 96, 96, 96, 96, 96, 96]","[4, 5, 3, 4, 3, 6, 6]",7,8,15.33878231048584
349,"[1, 6, 4, 3, 3]","[128, 128, 128, 128, 128]","[6, 3, 3, 3, 4]",5,9,12.753470420837402
350,"[6, 1, 1, 4, 4, 5, 2, 1, 3, 1]","[80, 80, 80, 80, 80, 80, 80, 80, 80, 80]","[4, 6, 3, 3, 3, 5, 4, 6, 4, 4]",10,10,12.948530197143555
351,"[2, 5, 6, 1, 1, 4, 4, 3, 2]","[96, 96, 96, 96, 96, 96, 96, 96, 96]","[3, 3, 3, 3, 4, 6, 5, 3, 6]",9,11,16.9560546875
352,"[1, 5, 2, 1, 3, 6, 3, 6, 5, 6]","[128, 128, 128, 128, 128, 128, 128, 128, 128, 128]","[4, 4, 5, 4, 4, 4, 5, 3, 3, 5]",10,12,40.30378723144531
353,"[5, 3, 5, 2, 1, 3, 4]","[80, 80, 80, 80, 80, 80, 80]","[3, 4, 3, 6, 3, 5, 5]",7,13,9.168689727783203
354,"[1, 1, 1, 1, 2, 3, 1, 6, 6, 6]","[176, 176, 176, 176, 176, 176, 176, 176, 176, 176]","[3, 5, 5, 6, 3, 3, 6, 4, 5, 5]",10,14,74.8430404663086
355,"[6, 6, 6, 1, 2, 5, 1, 3]","[96, 96, 96, 96, 96, 96, 96, 96]","[5, 5, 5, 3, 3, 6, 5, 5]",8,15,12.029848098754883
356,"[1, 2, 4, 3, 2, 2, 1, 4, 3, 5]","[144, 144, 144, 144, 144, 144, 144, 144, 144, 144]","[3, 4, 4, 4, 3, 5, 6, 3, 5, 4]",10,16,43.04037094116211
357,"[5, 2, 4, 5, 1, 4, 2, 3]","[112, 112, 112, 112, 112, 112, 112, 112]","[5, 5, 3, 6, 3, 5, 6, 6]",8,17,19.304149627685547
358,"[2, 3, 4, 4, 6]","[80, 80, 80, 80, 80]","[5, 4, 4, 3, 6]",5,18,4.886736869812012
359,"[2, 1, 3, 4, 6]","[64, 64, 64, 64, 64]","[3, 3, 3, 5, 4]",5,19,3.1985924243927
360,"[4, 4, 3, 3, 3, 3]","[128, 128, 128, 128, 128, 128]","[6, 4, 6, 4, 6, 4]",6,0,17.08946418762207
361,"[6, 3, 3, 1, 1, 6, 2, 6]","[240, 240, 240, 240, 240, 240, 240, 240]","[5, 5, 4, 3, 5, 5, 3, 3]",8,1,93.90330505371094
362,"[6, 5, 6, 5, 2, 1, 4]","[112, 112, 112, 112, 112, 112, 112]","[6, 3, 4, 3, 4, 4, 4]",7,2,22.424240112304688
363,"[1, 3, 6, 3, 6, 1]","[240, 240, 240, 240, 240, 240]","[5, 3, 5, 4, 6, 3]",6,3,73.4404296875
364,"[4, 5, 6, 2, 6, 4, 4, 5, 6]","[160, 160, 160, 160, 160, 160, 160, 160, 160]","[5, 3, 5, 3, 3, 6, 6, 3, 4]",9,4,62.68198776245117
365,"[6, 1, 4, 1]","[176, 176, 176, 176]","[6, 4, 6, 5]",4,5,17.661314010620117
366,"[1, 5, 1, 5, 2, 2, 5]","[160, 160, 160, 160, 160, 160, 160]","[4, 6, 4, 6, 4, 3, 3]",7,6,47.0768928527832
367,"[4, 4, 3, 6, 4, 3, 5]","[128, 128, 128, 128, 128, 128, 128]","[3, 4, 3, 6, 6, 6, 5]",7,7,30.885560989379883
368,"[1, 1, 6, 6, 3]","[176, 176, 176, 176, 176]","[6, 6, 4, 3, 4]",5,8,34.45664978027344
369,"[3, 2, 6, 2, 3, 5, 5, 6, 2, 4]","[48, 48, 48, 48, 48, 48, 48, 48, 48, 48]","[3, 5, 6, 4, 3, 5, 6, 4, 6, 6]",10,9,6.997704029083252
370,"[4, 3, 3, 4, 3, 4]","[48, 48, 48, 48, 48, 48]","[5, 3, 4, 6, 5, 4]",6,10,2.0751428604125977
371,"[1, 4, 4, 2, 5, 4]","[192, 192, 192, 192, 192, 192]","[4, 6, 5, 3, 3, 4]",6,11,48.191829681396484
372,"[1, 2, 3, 1, 2, 2]","[192, 192, 192, 192, 192, 192]","[4, 6, 5, 5, 4, 4]",6,12,33.91606521606445
373,"[4, 1, 2, 4, 6, 5, 1, 1]","[64, 64, 64, 64, 64, 64, 64, 64]","[5, 6, 5, 4, 4, 5, 5, 4]",8,13,5.300484657287598
374,"[3, 4, 6, 3, 3, 4, 4, 4, 2, 5]","[192, 192, 192, 192, 192, 192, 192, 192, 192, 192]","[6, 4, 5, 6, 6, 6, 3, 5, 6, 5]",10,14,95.14595031738281
375,"[3, 4, 3, 6]","[192, 192, 192, 192]","[6, 3, 3, 5]",4,15,35.21395492553711
376,"[5, 4, 3, 6, 6, 4]","[160, 160, 160, 160, 160, 160]","[3, 5, 6, 6, 3, 6]",6,16,37.48526382446289
377,"[6, 1, 3, 1, 5, 4]","[192, 192, 192, 192, 192, 192]","[6, 4, 3, 5, 4, 4]",6,17,45.86758041381836
378,"[5, 4, 1, 5]","[32, 32, 32, 32]","[3, 5, 5, 5]",4,18,0.6835095286369324
379,"[6, 6, 2, 5, 5, 1, 5]","[80, 80, 80, 80, 80, 80, 80]","[6, 5, 6, 5, 4, 5, 4]",7,19,10.734270095825195
380,"[4, 6, 2, 2, 3]","[128, 128, 128, 128, 128]","[5, 4, 5, 4, 3]",5,0,11.526110649108887
381,"[2, 5, 5, 2, 4]","[240, 240, 240, 240, 240]","[4, 6, 5, 3, 3]",5,1,57.176231384277344
382,"[2, 1, 1, 3, 1, 4]","[192, 192, 192, 192, 192, 192]","[5, 5, 6, 6, 5, 4]",6,2,38.11867141723633
383,"[3, 5, 5, 1, 6, 3, 4, 3]","[48, 48, 48, 48, 48, 48, 48, 48]","[3, 4, 6, 6, 5, 5, 4, 4]",8,3,3.942505359649658
384,"[1, 3, 1, 6, 6]","[240, 240, 240, 240, 240]","[4, 5, 6, 5, 3]",5,4,70.42054748535156
385,"[5, 6, 5, 6, 4, 1, 2, 5, 4]","[192, 192, 192, 192, 192, 192, 192, 192, 192]","[3, 6, 6, 4, 3, 3, 5, 6, 5]",9,5,72.15877532958984
386,"[4, 4, 2, 6, 6]","[112, 112, 112, 112, 112]","[5, 6, 5, 3, 3]",5,6,13.304622650146484
387,"[3, 4, 2, 5, 3, 1, 1, 4, 2, 4]","[112, 112, 112, 112, 112, 112, 112, 112, 112, 112]","[5, 4, 4, 3, 4, 4, 6, 3, 3, 5]",10,7,24.848928451538086
388,"[3, 2, 1, 4, 6, 4, 6]","[192, 192, 192, 192, 192, 192, 192]","[3, 6, 5, 3, 5, 6, 3]",7,8,76.92227172851562
389,"[6, 5, 6, 3, 1, 5, 3, 1, 5, 2]","[176, 176, 176, 176, 176, 176, 176, 176, 176, 176]","[5, 4, 5, 6, 4, 6, 5, 3, 5, 5]",10,9,75.27482604980469
390,"[2, 4, 4, 5, 6, 5, 3]","[80, 80, 80, 80, 80, 80, 80]","[6, 6, 6, 4, 4, 6, 3]",7,10,9.818544387817383
391,"[4, 1, 2, 1]","[128, 128, 128, 128]","[4, 4, 3, 3]",4,11,6.564179420471191
392,"[5, 1, 2, 4, 2]","[32, 32, 32, 32, 32]","[3, 6, 5, 4, 6]",5,12,0.7123574018478394
393,"[1, 2, 5, 1]","[64, 64, 64, 64]","[3, 3, 3, 3]",4,13,2.0112903118133545
394,"[4, 5, 5, 2, 3, 6]","[64, 64, 64, 64, 64, 64]","[5, 4, 5, 5, 4, 6]",6,14,4.427416801452637
395,"[6, 2, 2, 2, 6, 5]","[96, 96, 96, 96, 96, 96]","[6, 6, 6, 3, 4, 3]",6,15,10.595426559448242
396,"[1, 4, 1, 2]","[32, 32, 32, 32]","[4, 5, 3, 4]",4,16,0.5640355348587036
397,"[4, 4, 4, 6, 4, 2, 3, 6]","[176, 176, 176, 176, 176, 176, 176, 176]","[3, 5, 6, 6, 5, 3, 3, 3]",8,17,58.28755569458008
398,"[4, 4, 2, 6, 4, 5, 1, 3]","[240, 240, 240, 240, 240, 240, 240, 240]","[4, 3, 4, 5, 5, 3, 6, 5]",8,18,96.0562515258789
399,"[2, 2, 3, 1, 5]","[176, 176, 176, 176, 176]","[3, 3, 3, 4, 5]",5,19,23.6644287109375
400,"[1, 5, 4, 3, 6, 2, 2, 4, 4]","[240, 240, 240, 240, 240, 240, 240, 240, 240]","[6, 4, 3, 4, 3, 5, 4, 3, 5]",9,0,109.71986389160156
401,"[4, 3, 2, 2, 1, 6, 2, 6, 2, 3]","[176, 176, 176, 176, 176, 176, 176, 176, 176, 176]","[5, 3, 3, 4, 6, 5, 4, 3, 3, 4]",10,1,69.12217712402344
402,"[2, 2, 2, 4, 2, 4, 5, 4]","[240, 240, 240, 240, 240, 240, 240, 240]","[3, 5, 6, 4, 3, 6, 4, 4]",8,2,112.62649536132812
403,"[3, 6, 5, 5, 2, 6, 2]","[160, 160, 160, 160, 160, 160, 160]","[5, 4, 6, 3, 6, 6, 3]",7,3,45.814701080322266
404,"[2, 3, 2, 1, 3, 4]","[144, 144, 144, 144, 144, 144]","[3, 6, 5, 4, 4, 3]",6,4,19.902423858642578
405,"[6, 6, 2, 4]","[240, 240, 240, 240]","[5, 5, 5, 3]",4,5,54.34150314331055
406,"[3, 3, 6, 1, 1, 5, 1, 4]","[48, 48, 48, 48, 48, 48, 48, 48]","[3, 4, 3, 3, 5, 5, 3, 3]",8,6,2.6295478343963623
407,"[5, 5, 1, 6, 3]","[96, 96, 96, 96, 96]","[5, 6, 3, 6, 6]",5,7,7.234062671661377
408,"[5, 1, 2, 3, 3, 3, 2, 4, 2, 4]","[32, 32, 32, 32, 32, 32, 32, 32, 32, 32]","[3, 3, 5, 4, 5, 4, 3, 6, 5, 4]",10,8,2.17572021484375
409,"[5, 2, 6, 4]","[192, 192, 192, 192]","[4, 4, 5, 5]",4,9,35.47401428222656
410,"[5, 6, 1, 5, 4, 2, 3]","[112, 112, 112, 112, 112, 112, 112]","[5, 3, 5, 5, 5, 4, 5]",7,10,20.927431106567383
411,"[3, 3, 4, 4, 1, 6, 1, 4]","[80, 80, 80, 80, 80, 80, 80, 80]","[4, 4, 4, 5, 5, 6, 6, 6]",8,11,8.073047637939453
412,"[5, 4, 3, 1, 6, 2, 5, 4, 3, 5]","[96, 96, 96, 96, 96, 96, 96, 96, 96, 96]","[3, 3, 3, 3, 4, 6, 5, 3, 3, 6]",10,12,22.96821403503418
413,"[4, 4, 1, 3, 5, 6, 5, 4, 3]","[96, 96, 96, 96, 96, 96, 96, 96, 96]","[6, 4, 4, 3, 6, 4, 4, 4, 3]",9,13,21.104074478149414
414,"[4, 3, 4, 3]","[128, 128, 128, 128]","[4, 6, 6, 4]",4,14,10.62292766571045
415,"[2, 1, 3, 4, 6]","[240, 240, 240, 240, 240]","[6, 3, 5, 5, 4]",5,15,59.48895263671875
416,"[3, 1, 2, 5, 3, 3, 2, 1, 4]","[112, 112, 112, 112, 112, 112, 112, 112, 112]","[3, 6, 5, 4, 5, 3, 3, 4, 4]",9,16,23.661447525024414
417,"[2, 3, 3, 2, 3, 2, 6, 5]","[32, 32, 32, 32, 32, 32, 32, 32]","[3, 6, 5, 5, 6, 5, 3, 3]",8,17,1.7509294748306274
418,"[2, 2, 5, 1, 5, 6, 2, 5]","[192, 192, 192, 192, 192, 192, 192, 192]","[5, 4, 4, 6, 3, 6, 5, 4]",8,18,67.65825653076172
419,"[6, 3, 1, 2, 2, 2, 2, 3, 5]","[144, 144, 144, 144, 144, 144, 144, 144, 144]","[6, 5, 6, 5, 4, 5, 4, 4, 6]",9,19,43.08319091796875
420,"[2, 5, 2, 4, 4, 3, 2, 3, 6, 3]","[192, 192, 192, 192, 192, 192, 192, 192, 192, 192]","[6, 4, 6, 6, 6, 6, 4, 3, 5, 3]",10,0,89.6347427368164
421,"[5, 1, 4, 5, 5, 2, 1]","[32, 32, 32, 32, 32, 32, 32]","[3, 5, 4, 3, 3, 5, 5]",7,1,1.0690078735351562
422,"[3, 4, 1, 4, 4, 6, 3, 2, 6]","[144, 144, 144, 144, 144, 144, 144, 144, 144]","[4, 4, 6, 6, 5, 6, 4, 3, 5]",9,2,48.09896469116211
423,"[1, 2, 3, 5, 2, 6, 5, 3]","[64, 64, 64, 64, 64, 64, 64, 64]","[6, 5, 3, 5, 6, 3, 3, 4]",8,3,7.816773414611816
424,"[3, 3, 2, 2, 2, 3, 3, 6, 5]","[144, 144, 144, 144, 144, 144, 144, 144, 144]","[4, 4, 3, 4, 6, 5, 4, 6, 6]",9,4,46.252254486083984
425,"[4, 5, 4, 6, 3]","[112, 112, 112, 112, 112]","[4, 3, 6, 6, 5]",5,5,12.198719024658203
426,"[1, 2, 6, 2]","[64, 64, 64, 64]","[6, 4, 3, 6]",4,6,2.3436522483825684
427,"[6, 4, 2, 1, 2, 2, 2, 5]","[48, 48, 48, 48, 48, 48, 48, 48]","[3, 5, 5, 6, 5, 5, 5, 5]",8,7,2.642145872116089
428,"[6, 4, 1, 6, 4, 5]","[64, 64, 64, 64, 64, 64]","[5, 5, 6, 3, 3, 3]",6,8,4.396209716796875
429,"[5, 3, 2, 1, 1, 5, 1, 6]","[96, 96, 96, 96, 96, 96, 96, 96]","[5, 6, 6, 5, 5, 6, 3, 4]",8,9,11.719472885131836
430,"[3, 4, 3, 1, 1, 1, 1, 3, 5]","[176, 176, 176, 176, 176, 176, 176, 176, 176]","[4, 3, 5, 5, 4, 5, 4, 4, 4]",9,10,57.03434753417969
431,"[4, 6, 2, 1, 3, 6, 6]","[192, 192, 192, 192, 192, 192, 192]","[6, 5, 5, 5, 6, 5, 4]",7,11,68.6304702758789
432,"[1, 6, 4, 2, 3, 1, 2, 2, 5, 2]","[192, 192, 192, 192, 192, 192, 192, 192, 192, 192]","[6, 5, 3, 6, 6, 4, 6, 3, 4, 6]",10,12,74.54501342773438
433,"[5, 3, 5, 2, 1, 1, 3]","[192, 192, 192, 192, 192, 192, 192]","[6, 4, 4, 4, 6, 4, 4]",7,13,56.98499298095703
434,"[6, 2, 1, 5]","[192, 192, 192, 192]","[3, 4, 3, 3]",4,14,30.041275024414062
435,"[2, 2, 2, 2]","[112, 112, 112, 112]","[5, 6, 6, 3]",4,15,5.757327079772949
436,"[1, 3, 6, 4, 1, 5, 3, 1]","[112, 112, 112, 112, 112, 112, 112, 112]","[3, 3, 5, 5, 3, 4, 3, 5]",8,16,21.011865615844727
437,"[2, 4, 6, 4, 2, 6]","[176, 176, 176, 176, 176, 176]","[4, 3, 3, 6, 4, 6]",6,17,47.91476058959961
438,"[4, 5, 6, 5, 2, 1, 6, 1]","[64, 64, 64, 64, 64, 64, 64, 64]","[3, 6, 4, 4, 5, 3, 3, 5]",8,18,8.560603141784668
439,"[3, 4, 1, 6, 4, 6]","[240, 240, 240, 240, 240, 240]","[3, 5, 5, 6, 5, 6]",6,19,81.66680908203125
440,"[1, 1, 4, 6, 2, 1]","[240, 240, 240, 240, 240, 240]","[3, 4, 5, 4, 3, 4]",6,0,68.67962646484375
441,"[5, 3, 4, 3, 4]","[240, 240, 240, 240, 240]","[6, 6, 4, 4, 3]",5,1,60.73741149902344
442,"[3, 6, 2, 3, 2]","[64, 64, 64, 64, 64]","[3, 6, 6, 5, 4]",5,2,2.526064157485962
443,"[1, 2, 1, 3, 1, 2]","[128, 128, 128, 128, 128, 128]","[3, 3, 3, 3, 3, 4]",6,3,12.060426712036133
444,"[5, 3, 1, 4, 1, 2, 5, 6, 5, 5]","[48, 48, 48, 48, 48, 48, 48, 48, 48, 48]","[3, 4, 4, 3, 6, 5, 5, 4, 6, 5]",10,4,7.474501609802246
445,"[1, 5, 2, 4, 2]","[96, 96, 96, 96, 96]","[3, 3, 5, 4, 3]",5,5,5.674168586730957
446,"[4, 4, 2, 3, 6, 5]","[48, 48, 48, 48, 48, 48]","[6, 6, 5, 6, 4, 6]",6,6,2.2793755531311035
447,"[4, 2, 1, 6, 3, 6, 6]","[240, 240, 240, 240, 240, 240, 240]","[4, 3, 3, 3, 6, 5, 4]",7,7,122.49957275390625
448,"[3, 4, 1, 1, 6]","[176, 176, 176, 176, 176]","[6, 6, 5, 5, 6]",5,8,26.015684127807617
449,"[4, 5, 2, 6, 2, 1]","[128, 128, 128, 128, 128, 128]","[3, 4, 3, 5, 5, 6]",6,9,17.097415924072266
450,"[2, 4, 1, 3, 6, 5, 4, 6, 6, 4]","[96, 96, 96, 96, 96, 96, 96, 96, 96, 96]","[6, 5, 3, 4, 5, 4, 6, 5, 4, 3]",10,10,26.96689796447754
451,"[3, 4, 5, 1, 4, 2, 5]","[240, 240, 240, 240, 240, 240, 240]","[5, 4, 3, 5, 3, 6, 5]",7,11,101.88081359863281
452,"[3, 6, 5, 6, 4, 2, 3]","[192, 192, 192, 192, 192, 192, 192]","[3, 3, 3, 6, 3, 6, 5]",7,12,67.0931396484375
453,"[3, 3, 6, 3, 3]","[112, 112, 112, 112, 112]","[4, 5, 5, 3, 5]",5,13,10.515549659729004
454,"[6, 6, 3, 6, 3, 2, 4, 5, 4, 2]","[80, 80, 80, 80, 80, 80, 80, 80, 80, 80]","[3, 4, 5, 6, 4, 5, 4, 5, 3, 3]",10,14,18.501752853393555
455,"[3, 6, 6, 1, 6, 4]","[112, 112, 112, 112, 112, 112]","[3, 5, 4, 6, 4, 4]",6,15,14.91828727722168
456,"[1, 3, 4, 4]","[48, 48, 48, 48]","[5, 6, 5, 4]",4,16,1.4278342723846436
457,"[1, 2, 4, 3, 1, 5, 5, 6, 3, 5]","[80, 80, 80, 80, 80, 80, 80, 80, 80, 80]","[4, 6, 6, 4, 5, 5, 5, 5, 4, 5]",10,17,15.42078685760498
458,"[3, 4, 4, 3]","[64, 64, 64, 64]","[6, 3, 3, 4]",4,18,2.4336178302764893
459,"[2, 5, 3, 3, 1, 2, 1]","[176, 176, 176, 176, 176, 176, 176]","[5, 6, 5, 5, 5, 4, 3]",7,19,40.25950241088867
460,"[2, 1, 4, 4, 1, 4]","[96, 96, 96, 96, 96, 96]","[6, 3, 3, 6, 6, 4]",6,0,7.881659030914307
461,"[5, 4, 4, 1, 6]","[144, 144, 144, 144, 144]","[5, 6, 5, 6, 6]",5,1,16.84330940246582
462,"[5, 3, 1, 1, 1, 1]","[160, 160, 160, 160, 160, 160]","[4, 6, 6, 3, 6, 3]",6,2,19.008760452270508
463,"[2, 6, 4, 5, 6]","[144, 144, 144, 144, 144]","[5, 4, 5, 4, 4]",5,3,22.175079345703125
464,"[2, 1, 3, 2, 4, 1, 6]","[64, 64, 64, 64, 64, 64, 64]","[4, 5, 3, 3, 5, 5, 5]",7,4,6.931395053863525
465,"[6, 2, 4, 4, 6, 5, 1, 3]","[144, 144, 144, 144, 144, 144, 144, 144]","[6, 3, 5, 5, 6, 5, 5, 3]",8,5,35.86001968383789
466,"[2, 3, 4, 1, 2, 1, 1, 1, 3]","[240, 240, 240, 240, 240, 240, 240, 240, 240]","[6, 4, 5, 3, 3, 3, 5, 6, 5]",9,6,83.20449829101562
467,"[4, 3, 3, 3, 4]","[240, 240, 240, 240, 240]","[6, 5, 6, 6, 4]",5,7,56.1898307800293
468,"[2, 6, 4, 3, 2, 1, 5, 2, 2]","[176, 176, 176, 176, 176, 176, 176, 176, 176]","[5, 5, 5, 3, 5, 3, 3, 4, 3]",9,8,60.78983688354492
469,"[3, 5, 1, 3, 5, 6, 4, 4, 1]","[80, 80, 80, 80, 80, 80, 80, 80, 80]","[4, 5, 4, 4, 5, 4, 3, 3, 3]",9,9,12.368255615234375
470,"[6, 6, 1, 4]","[240, 240, 240, 240]","[3, 5, 4, 5]",4,10,52.36626434326172
471,"[4, 2, 2, 6, 5, 6, 5, 5, 2]","[64, 64, 64, 64, 64, 64, 64, 64, 64]","[6, 6, 4, 3, 6, 6, 4, 6, 3]",9,11,9.653240203857422
472,"[2, 3, 5, 2, 5, 4, 3, 6]","[240, 240, 240, 240, 240, 240, 240, 240]","[6, 6, 5, 4, 6, 6, 6, 4]",8,12,108.2275161743164
473,"[1, 1, 6, 6, 5, 4, 5]","[32, 32, 32, 32, 32, 32, 32]","[3, 5, 5, 5, 6, 5, 3]",7,13,1.7177824974060059
474,"[1, 6, 3, 2, 3, 6, 2, 6, 1, 1]","[48, 48, 48, 48, 48, 48, 48, 48, 48, 48]","[4, 3, 5, 6, 5, 3, 3, 3, 4, 4]",10,14,4.682852268218994
475,"[2, 6, 5, 6, 5, 3, 1]","[144, 144, 144, 144, 144, 144, 144]","[4, 4, 6, 3, 4, 6, 4]",7,15,34.097591400146484
476,"[3, 2, 2, 1, 3, 4, 5, 6]","[160, 160, 160, 160, 160, 160, 160, 160]","[3, 6, 4, 6, 6, 4, 6, 3]",8,16,48.44559860229492
477,"[1, 5, 2, 5, 5, 3, 1, 2, 1, 5]","[240, 240, 240, 240, 240, 240, 240, 240, 240, 240]","[3, 4, 4, 6, 5, 4, 3, 6, 4, 4]",10,17,111.57249450683594
478,"[4, 5, 4, 3, 3]","[80, 80, 80, 80, 80]","[4, 5, 5, 6, 5]",5,18,4.2297587394714355
479,"[2, 6, 2, 4, 6, 6, 2, 4, 3, 2]","[240, 240, 240, 240, 240, 240, 240, 240, 240, 240]","[4, 3, 5, 5, 3, 5, 4, 6, 4, 3]",10,19,136.49900817871094
480,"[5, 2, 3, 4, 4]","[240, 240, 240, 240, 240]","[4, 4, 4, 6, 4]",5,0,62.26837921142578
481,"[5, 1, 4, 2]","[144, 144, 144, 144]","[3, 4, 6, 4]",4,1,12.120709419250488
482,"[4, 5, 5, 1]","[144, 144, 144, 144]","[5, 6, 3, 5]",4,2,12.18946361541748
483,"[1, 4, 2, 6, 2, 6, 5, 3, 4, 3]","[80, 80, 80, 80, 80, 80, 80, 80, 80, 80]","[3, 3, 4, 3, 3, 6, 5, 4, 3, 5]",10,3,17.1444091796875
484,"[4, 5, 4, 5, 2, 2]","[80, 80, 80, 80, 80, 80]","[6, 3, 6, 6, 3, 6]",6,4,5.36607551574707
485,"[2, 2, 3, 5]","[128, 128, 128, 128]","[4, 3, 6, 6]",4,5,10.783080101013184
486,"[1, 1, 1, 1, 4]","[96, 96, 96, 96, 96]","[3, 3, 4, 6, 5]",5,6,4.423671722412109
487,"[5, 6, 5, 5]","[96, 96, 96, 96]","[6, 5, 3, 5]",4,7,6.990789890289307
488,"[3, 1, 6, 1]","[176, 176, 176, 176]","[6, 5, 3, 6]",4,8,19.634899139404297
489,"[2, 2, 6, 2, 5, 5]","[96, 96, 96, 96, 96, 96]","[4, 5, 6, 6, 4, 4]",6,9,10.065173149108887
490,"[2, 6, 1, 6, 2, 2, 1, 3, 4, 4]","[176, 176, 176, 176, 176, 176, 176, 176, 176, 176]","[5, 3, 4, 4, 5, 4, 3, 3, 5, 4]",10,10,68.00273132324219
491,"[4, 3, 3, 5]","[128, 128, 128, 128]","[3, 6, 5, 5]",4,11,11.657746315002441
492,"[4, 3, 3, 2, 5, 3]","[64, 64, 64, 64, 64, 64]","[6, 4, 3, 3, 5, 5]",6,12,3.673433780670166
493,"[6, 5, 4, 3, 4, 2, 1, 2]","[176, 176, 176, 176, 176, 176, 176, 176]","[5, 4, 6, 5, 5, 3, 5, 3]",8,13,47.50198745727539
494,"[6, 3, 5, 6, 3, 6]","[240, 240, 240, 240, 240, 240]","[4, 4, 5, 3, 4, 5]",6,14,95.6509780883789
495,"[6, 2, 5, 3, 3, 2, 4, 3]","[96, 96, 96, 96, 96, 96, 96, 96]","[6, 5, 5, 6, 6, 5, 4, 3]",8,15,15.343106269836426
496,"[1, 3, 4, 2, 5, 4, 5, 1, 3, 2]","[48, 48, 48, 48, 48, 48, 48, 48, 48, 48]","[4, 3, 5, 5, 3, 5, 3, 4, 5, 6]",10,16,5.274867057800293
497,"[2, 4, 6, 2, 3, 1, 1, 5]","[192, 192, 192, 192, 192, 192, 192, 192]","[5, 5, 5, 3, 3, 6, 4, 6]",8,17,59.18150329589844
498,"[4, 3, 2, 4, 1, 2, 2, 4, 6]","[80, 80, 80, 80, 80, 80, 80, 80, 80]","[3, 3, 5, 3, 5, 4, 6, 3, 3]",9,18,12.973260879516602
499,"[2, 2, 2, 5]","[240, 240, 240, 240]","[5, 3, 4, 5]",4,19,47.86642074584961
500,"[5, 2, 3, 1, 2]","[176, 176, 176, 176, 176]","[6, 4, 3, 5, 3]",5,0,21.832500457763672
501,"[3, 6, 2, 2, 1, 5, 6, 6, 4, 6]","[112, 112, 112, 112, 112, 112, 112, 112, 112, 112]","[5, 4, 6, 4, 5, 4, 6, 3, 4, 6]",10,1,34.94594192504883
502,"[6, 5, 4, 3, 2, 6, 1]","[128, 128, 128, 128, 128, 128, 128]","[6, 5, 3, 3, 3, 5, 6]",7,2,23.081863403320312
503,"[5, 6, 4, 1, 2, 6, 1, 3, 4, 3]","[128, 128, 128, 128, 128, 128, 128, 128, 128, 128]","[5, 5, 4, 5, 4, 3, 5, 3, 5, 5]",10,3,36.62858200073242
504,"[3, 5, 2, 4]","[176, 176, 176, 176]","[5, 5, 5, 4]",4,4,23.001785278320312
505,"[1, 2, 4, 1]","[64, 64, 64, 64]","[5, 4, 5, 6]",4,5,1.9364817142486572
506,"[6, 2, 5, 5, 5, 4, 2]","[64, 64, 64, 64, 64, 64, 64]","[6, 4, 6, 6, 5, 3, 4]",7,6,6.1593918800354
507,"[6, 3, 4, 4]","[64, 64, 64, 64]","[6, 6, 3, 5]",4,7,2.680206060409546
508,"[3, 6, 6, 2, 5]","[160, 160, 160, 160, 160]","[4, 6, 3, 5, 4]",5,8,24.683507919311523
509,"[5, 4, 3, 2, 5, 5, 5, 4, 5]","[48, 48, 48, 48, 48, 48, 48, 48, 48]","[3, 6, 6, 5, 5, 6, 5, 6, 6]",9,9,5.91597843170166
510,"[2, 4, 4, 4, 2, 2, 6, 2, 6, 1]","[176, 176, 176, 176, 176, 176, 176, 176, 176, 176]","[5, 4, 4, 6, 4, 4, 6, 6, 4, 3]",10,10,82.09536743164062
511,"[3, 3, 5, 1, 1, 4, 3, 4]","[128, 128, 128, 128, 128, 128, 128, 128]","[3, 5, 6, 3, 6, 6, 5, 6]",8,11,25.314714431762695
512,"[3, 5, 1, 1, 1, 2, 2, 2]","[112, 112, 112, 112, 112, 112, 112, 112]","[5, 5, 4, 6, 4, 4, 3, 3]",8,12,14.991924285888672
513,"[2, 3, 4, 4]","[96, 96, 96, 96]","[3, 4, 5, 3]",4,13,5.440376281738281
514,"[4, 6, 6, 4, 6]","[112, 112, 112, 112, 112]","[6, 6, 5, 4, 4]",5,14,13.05996322631836
515,"[5, 2, 5, 4, 6, 4]","[192, 192, 192, 192, 192, 192]","[5, 5, 6, 4, 6, 3]",6,15,58.73986053466797
516,"[3, 4, 2, 1, 6, 5, 4, 2, 3]","[48, 48, 48, 48, 48, 48, 48, 48, 48]","[3, 3, 5, 3, 3, 4, 5, 5, 5]",9,16,4.40287971496582
517,"[5, 3, 1, 2, 1, 1, 5, 3]","[128, 128, 128, 128, 128, 128, 128, 128]","[3, 5, 4, 5, 4, 3, 6, 5]",8,17,26.702463150024414
518,"[4, 6, 4, 4, 6, 1, 5, 1, 4]","[160, 160, 160, 160, 160, 160, 160, 160, 160]","[5, 3, 5, 3, 6, 5, 6, 6, 3]",9,18,58.1873664855957
519,"[1, 2, 4, 6, 4, 3, 1, 1]","[192, 192, 192, 192, 192, 192, 192, 192]","[4, 5, 4, 6, 5, 6, 5, 5]",8,19,62.683109283447266
520,"[3, 2, 4, 1]","[80, 80, 80, 80]","[6, 6, 5, 5]",4,0,2.790818214416504
521,"[3, 2, 5, 5]","[64, 64, 64, 64]","[3, 4, 6, 5]",4,1,2.711696147918701
522,"[4, 5, 3, 5]","[80, 80, 80, 80]","[6, 4, 6, 5]",4,2,3.92763090133667
523,"[5, 6, 3, 3, 6, 5, 3, 4, 5, 5]","[144, 144, 144, 144, 144, 144, 144, 144, 144, 144]","[6, 3, 6, 4, 3, 4, 6, 5, 4, 4]",10,3,54.94826889038086
524,"[6, 6, 4, 2, 1, 2, 2, 6, 3, 3]","[192, 192, 192, 192, 192, 192, 192, 192, 192, 192]","[4, 3, 6, 4, 6, 6, 3, 5, 6, 5]",10,4,97.55663299560547
525,"[4, 5, 4, 5, 1, 4]","[176, 176, 176, 176, 176, 176]","[6, 5, 4, 3, 6, 5]",6,5,42.50111389160156
526,"[4, 5, 5, 4, 4, 6, 3, 6, 3, 5]","[96, 96, 96, 96, 96, 96, 96, 96, 96, 96]","[4, 5, 5, 6, 4, 4, 5, 3, 6, 4]",10,6,24.59060287475586
527,"[2, 3, 5, 6]","[192, 192, 192, 192]","[6, 3, 4, 6]",4,7,38.17194366455078
528,"[3, 1, 6, 5, 3]","[48, 48, 48, 48, 48]","[3, 5, 5, 3, 4]",5,8,1.8267037868499756
529,"[4, 1, 4, 6, 5, 3, 2, 2]","[96, 96, 96, 96, 96, 96, 96, 96]","[3, 5, 4, 4, 6, 4, 6, 3]",8,9,14.125760078430176
530,"[1, 1, 4, 3, 3, 3]","[64, 64, 64, 64, 64, 64]","[3, 6, 3, 3, 4, 3]",6,10,3.5179457664489746
531,"[2, 5, 6, 4]","[192, 192, 192, 192]","[6, 5, 3, 3]",4,11,35.12921905517578
532,"[3, 1, 6, 2, 2]","[160, 160, 160, 160, 160]","[4, 6, 3, 6, 4]",5,12,20.624807357788086
533,"[3, 3, 5, 4, 4, 1, 5, 1, 6]","[80, 80, 80, 80, 80, 80, 80, 80, 80]","[6, 3, 5, 5, 3, 3, 5, 4, 3]",9,13,14.578570365905762
534,"[5, 1, 3, 5, 2, 5]","[112, 112, 112, 112, 112, 112]","[4, 5, 3, 3, 3, 3]",6,14,14.294855117797852
535,"[4, 6, 6, 4, 4, 3, 3]","[112, 112, 112, 112, 112, 112, 112]","[3, 4, 6, 3, 5, 4, 6]",7,15,22.624465942382812
536,"[4, 4, 5, 2]","[112, 112, 112, 112]","[5, 6, 6, 4]",4,16,7.890635013580322
537,"[5, 1, 6, 5, 2, 5, 1, 2]","[144, 144, 144, 144, 144, 144, 144, 144]","[3, 4, 6, 6, 4, 5, 3, 3]",8,17,33.37211608886719
538,"[6, 1, 1, 2, 6, 6, 6, 1, 6, 4]","[64, 64, 64, 64, 64, 64, 64, 64, 64, 64]","[4, 4, 6, 4, 3, 4, 4, 3, 4, 3]",10,18,12.914632797241211
539,"[1, 2, 4, 6, 6, 6, 5, 6]","[144, 144, 144, 144, 144, 144, 144, 144]","[6, 3, 6, 6, 5, 3, 6, 4]",8,19,48.937744140625
540,"[2, 1, 2, 4, 1, 3, 4, 1, 6, 4]","[112, 112, 112, 112, 112, 112, 112, 112, 112, 112]","[4, 6, 6, 5, 4, 6, 5, 3, 6, 3]",10,0,30.384937286376953
541,"[1, 5, 4, 3, 6, 4, 5, 4, 6]","[96, 96, 96, 96, 96, 96, 96, 96, 96]","[6, 5, 6, 4, 3, 5, 4, 4, 5]",9,1,23.615537643432617
542,"[4, 3, 3, 2, 1, 2, 2]","[32, 32, 32, 32, 32, 32, 32]","[6, 4, 6, 6, 3, 6, 3]",7,2,1.0334908962249756
543,"[6, 5, 1, 6, 2, 5, 1, 5, 2]","[64, 64, 64, 64, 64, 64, 64, 64, 64]","[4, 6, 5, 4, 4, 5, 6, 5, 5]",9,3,6.8812947273254395
544,"[3, 2, 5, 6, 4, 2, 2, 6, 1]","[96, 96, 96, 96, 96, 96, 96, 96, 96]","[4, 5, 5, 4, 5, 4, 3, 3, 6]",9,4,16.42193603515625
545,"[2, 1, 3, 4, 4, 4, 5, 3]","[112, 112, 112, 112, 112, 112, 112, 112]","[6, 5, 5, 5, 5, 5, 3, 3]",8,5,22.710397720336914
546,"[1, 4, 3, 5, 4, 4, 6, 3, 5]","[96, 96, 96, 96, 96, 96, 96, 96, 96]","[4, 4, 3, 6, 4, 3, 4, 4, 5]",9,6,22.1662540435791
547,"[5, 6, 3, 2, 3, 1, 5]","[192, 192, 192, 192, 192, 192, 192]","[4, 4, 5, 5, 4, 6, 3]",7,7,61.09638977050781
548,"[3, 2, 4, 4, 1, 4, 1]","[144, 144, 144, 144, 144, 144, 144]","[6, 3, 6, 4, 5, 3, 4]",7,8,26.805843353271484
549,"[6, 4, 6, 4, 5, 1, 2, 2]","[192, 192, 192, 192, 192, 192, 192, 192]","[4, 6, 3, 3, 3, 3, 3, 5]",8,9,66.35289001464844
550,"[3, 1, 2, 4]","[32, 32, 32, 32]","[3, 4, 5, 5]",4,10,0.6521326899528503
551,"[4, 6, 2, 2, 3]","[32, 32, 32, 32, 32]","[3, 3, 6, 5, 6]",5,11,0.7281472682952881
552,"[5, 1, 2, 5]","[32, 32, 32, 32]","[3, 4, 6, 4]",4,12,0.6951000690460205
553,"[4, 1, 2, 1, 2]","[192, 192, 192, 192, 192]","[6, 4, 6, 3, 5]",5,13,23.444034576416016
554,"[4, 6, 5, 4, 5, 2, 2, 1]","[32, 32, 32, 32, 32, 32, 32, 32]","[5, 6, 6, 6, 4, 5, 5, 5]",8,14,1.3348348140716553
555,"[2, 2, 4, 1, 1]","[240, 240, 240, 240, 240]","[6, 5, 3, 6, 3]",5,15,41.812705993652344
556,"[4, 6, 4, 1, 3, 5]","[48, 48, 48, 48, 48, 48]","[5, 4, 4, 5, 5, 3]",6,16,2.142810821533203
557,"[4, 5, 1, 3, 6, 5, 3]","[96, 96, 96, 96, 96, 96, 96]","[5, 6, 6, 6, 6, 6, 6]",7,17,14.692373275756836
558,"[1, 2, 5, 5, 5, 5, 5, 4, 6, 1]","[112, 112, 112, 112, 112, 112, 112, 112, 112, 112]","[5, 4, 6, 5, 3, 5, 3, 3, 3, 4]",10,18,34.50515365600586
559,"[1, 2, 1, 2, 6]","[240, 240, 240, 240, 240]","[4, 5, 5, 6, 3]",5,19,49.88515853881836
560,"[6, 2, 4, 5, 1, 3, 2]","[240, 240, 240, 240, 240, 240, 240]","[6, 5, 3, 3, 5, 4, 4]",7,0,99.269287109375
561,"[5, 4, 5, 4, 2, 2, 3]","[144, 144, 144, 144, 144, 144, 144]","[6, 5, 6, 5, 6, 5, 5]",7,1,34.75146484375
562,"[1, 6, 6, 1, 1, 3, 4, 5]","[112, 112, 112, 112, 112, 112, 112, 112]","[6, 4, 3, 6, 3, 5, 6, 4]",8,2,22.25547981262207
563,"[3, 6, 5, 5, 1, 6, 1, 2]","[48, 48, 48, 48, 48, 48, 48, 48]","[6, 6, 6, 5, 5, 3, 3, 5]",8,3,2.896740198135376
564,"[1, 2, 5, 6, 5, 3, 2, 2, 4, 4]","[64, 64, 64, 64, 64, 64, 64, 64, 64, 64]","[3, 5, 3, 3, 4, 3, 3, 6, 6, 6]",10,4,9.892699241638184
565,"[4, 1, 5, 6, 2, 3]","[48, 48, 48, 48, 48, 48]","[5, 4, 4, 6, 5, 5]",6,5,2.1573007106781006
566,"[4, 5, 6, 3, 1, 6, 3, 3, 2, 5]","[176, 176, 176, 176, 176, 176, 176, 176, 176, 176]","[6, 5, 3, 3, 6, 3, 4, 3, 5, 3]",10,6,78.61742401123047
567,"[4, 1, 3, 1, 6, 6]","[48, 48, 48, 48, 48, 48]","[6, 4, 5, 4, 4, 6]",6,7,2.318946361541748
568,"[4, 6, 1, 5, 2, 5, 1, 4]","[32, 32, 32, 32, 32, 32, 32, 32]","[4, 4, 5, 4, 3, 5, 6, 6]",8,8,1.1347013711929321
569,"[5, 1, 4, 2, 6]","[48, 48, 48, 48, 48]","[4, 6, 6, 3, 6]",5,9,1.7299613952636719
570,"[3, 2, 5, 4, 2, 1, 1, 1, 4, 6]","[48, 48, 48, 48, 48, 48, 48, 48, 48, 48]","[4, 5, 3, 3, 5, 4, 3, 6, 3, 4]",10,10,4.89061164855957
571,"[6, 1, 4, 3, 2]","[240, 240, 240, 240, 240]","[4, 5, 3, 6, 5]",5,11,58.18906784057617
572,"[6, 3, 5, 5, 1, 6]","[240, 240, 240, 240, 240, 240]","[4, 4, 6, 6, 4, 3]",6,12,89.38599395751953
573,"[2, 3, 6, 6, 4]","[128, 128, 128, 128, 128]","[5, 6, 3, 3, 6]",5,13,18.0257568359375
574,"[1, 4, 1, 1, 1, 5]","[144, 144, 144, 144, 144, 144]","[3, 5, 3, 3, 6, 4]",6,14,17.454544067382812
575,"[1, 5, 1, 4]","[48, 48, 48, 48]","[4, 4, 4, 3]",4,15,1.182691216468811
576,"[6, 6, 2, 6]","[240, 240, 240, 240]","[4, 6, 5, 5]",4,16,62.75225067138672
577,"[6, 6, 6, 5, 1, 4]","[32, 32, 32, 32, 32, 32]","[6, 6, 6, 6, 5, 4]",6,17,1.0462037324905396
578,"[2, 4, 4, 2, 6]","[80, 80, 80, 80, 80]","[6, 5, 3, 6, 5]",5,18,4.398397922515869
579,"[4, 3, 2, 1]","[112, 112, 112, 112]","[4, 5, 6, 5]",4,19,5.6009392738342285
580,"[2, 5, 2, 4, 1]","[176, 176, 176, 176, 176]","[6, 4, 5, 3, 4]",5,0,25.725954055786133
581,"[3, 3, 5, 3, 5, 4]","[192, 192, 192, 192, 192, 192]","[6, 4, 5, 3, 4, 5]",6,1,53.696266174316406
582,"[2, 1, 3, 5, 6, 6]","[64, 64, 64, 64, 64, 64]","[3, 5, 5, 3, 3, 5]",6,2,4.978382110595703
583,"[3, 3, 1, 5, 1, 5, 2]","[48, 48, 48, 48, 48, 48, 48]","[3, 3, 4, 3, 4, 5, 3]",7,3,2.5729072093963623
584,"[2, 5, 2, 3, 2, 3, 5, 4, 6, 6]","[96, 96, 96, 96, 96, 96, 96, 96, 96, 96]","[5, 4, 3, 5, 4, 5, 4, 6, 6, 5]",10,4,27.795671463012695
585,"[5, 2, 3, 2]","[112, 112, 112, 112]","[5, 5, 4, 4]",4,5,6.729429244995117
586,"[5, 1, 1, 4, 3]","[96, 96, 96, 96, 96]","[3, 4, 5, 4, 3]",5,6,5.892232418060303
587,"[1, 1, 3, 3]","[192, 192, 192, 192]","[5, 6, 6, 4]",4,7,23.770631790161133
588,"[5, 6, 5, 6, 1, 5, 4, 4, 3]","[144, 144, 144, 144, 144, 144, 144, 144, 144]","[5, 6, 3, 6, 6, 3, 6, 3, 5]",9,8,47.962764739990234
589,"[2, 4, 5, 2, 5, 4]","[112, 112, 112, 112, 112, 112]","[4, 4, 4, 3, 4, 4]",6,9,14.68635082244873
590,"[3, 4, 4, 5, 5, 1]","[96, 96, 96, 96, 96, 96]","[5, 5, 5, 6, 6, 3]",6,10,9.061509132385254
591,"[1, 2, 6, 6, 1, 2, 3]","[192, 192, 192, 192, 192, 192, 192]","[4, 3, 6, 3, 4, 3, 5]",7,11,65.79491424560547
592,"[5, 4, 6, 6]","[32, 32, 32, 32]","[6, 3, 6, 3]",4,12,0.8640255928039551
593,"[2, 3, 4, 2, 2, 3]","[144, 144, 144, 144, 144, 144]","[5, 4, 4, 4, 6, 4]",6,13,19.671138763427734
594,"[2, 3, 3, 6, 1]","[128, 128, 128, 128, 128]","[4, 5, 3, 6, 4]",5,14,13.366127014160156
595,"[2, 4, 6, 5, 1, 6, 3, 1, 4]","[128, 128, 128, 128, 128, 128, 128, 128, 128]","[5, 3, 6, 5, 4, 3, 4, 3, 3]",9,15,33.125755310058594
596,"[3, 5, 3, 1]","[160, 160, 160, 160]","[4, 5, 5, 3]",4,16,13.62682056427002
597,"[3, 4, 6, 2, 6]","[80, 80, 80, 80, 80]","[4, 3, 5, 5, 4]",5,17,4.8771562576293945
598,"[4, 1, 5, 3, 5, 1]","[144, 144, 144, 144, 144, 144]","[3, 4, 4, 6, 3, 4]",6,18,21.90342903137207
599,"[4, 4, 5, 4, 3, 6, 5, 6, 6, 6]","[48, 48, 48, 48, 48, 48, 48, 48, 48, 48]","[6, 6, 3, 5, 3, 6, 4, 3, 3, 5]",10,19,8.123404502868652
600,"[6, 4, 6, 4, 2, 3, 4]","[32, 32, 32, 32, 32, 32, 32]","[3, 5, 4, 5, 5, 3, 4]",7,0,1.5187784433364868
601,"[2, 5, 3, 3, 4, 5, 3, 4, 6, 2]","[240, 240, 240, 240, 240, 240, 240, 240, 240, 240]","[4, 5, 6, 5, 4, 3, 5, 4, 5, 4]",10,1,133.5635528564453
602,"[5, 5, 6, 4, 6, 1, 4, 4, 4, 4]","[64, 64, 64, 64, 64, 64, 64, 64, 64, 64]","[6, 3, 3, 4, 5, 3, 4, 4, 4, 6]",10,2,12.148280143737793
603,"[4, 6, 5, 5, 1]","[96, 96, 96, 96, 96]","[4, 3, 3, 4, 5]",5,3,7.3374104499816895
604,"[5, 4, 2, 1, 1, 1]","[80, 80, 80, 80, 80, 80]","[5, 4, 3, 5, 3, 5]",6,4,3.4220495223999023
605,"[5, 1, 4, 4, 4, 5, 5, 6]","[176, 176, 176, 176, 176, 176, 176, 176]","[6, 6, 4, 3, 3, 3, 3, 6]",8,5,65.97679901123047
606,"[4, 2, 1, 3, 1, 4, 6]","[240, 240, 240, 240, 240, 240, 240]","[4, 6, 3, 3, 5, 6, 4]",7,6,103.11759948730469
607,"[2, 6, 1, 6, 6, 2]","[144, 144, 144, 144, 144, 144]","[6, 4, 5, 3, 4, 6]",6,7,26.591297149658203
608,"[1, 4, 3, 1, 3, 2, 2]","[128, 128, 128, 128, 128, 128, 128]","[6, 4, 5, 4, 3, 5, 6]",7,8,19.119918823242188
609,"[2, 1, 3, 6]","[144, 144, 144, 144]","[4, 6, 3, 3]",4,9,15.47430419921875
610,"[3, 4, 6, 1, 2, 5, 2, 4]","[80, 80, 80, 80, 80, 80, 80, 80]","[4, 6, 4, 6, 5, 3, 6, 4]",8,10,8.877660751342773
611,"[4, 1, 2, 4, 5, 1, 2, 4, 4, 3]","[32, 32, 32, 32, 32, 32, 32, 32, 32, 32]","[5, 3, 3, 6, 6, 6, 4, 4, 5, 3]",10,11,2.36757755279541
612,"[6, 6, 2, 3, 1, 2]","[176, 176, 176, 176, 176, 176]","[4, 6, 3, 5, 3, 3]",6,12,33.50311279296875
613,"[5, 1, 4, 5, 5, 5, 1]","[112, 112, 112, 112, 112, 112, 112]","[3, 3, 4, 3, 6, 3, 6]",7,13,18.16641616821289
614,"[6, 4, 6, 1, 4, 5, 3, 3]","[192, 192, 192, 192, 192, 192, 192, 192]","[6, 3, 5, 3, 5, 5, 4, 4]",8,14,71.63065338134766
615,"[2, 5, 1, 6, 2, 6]","[64, 64, 64, 64, 64, 64]","[4, 6, 6, 3, 3, 4]",6,15,4.1897478103637695
616,"[2, 4, 5, 5]","[80, 80, 80, 80]","[4, 6, 6, 4]",4,16,4.084845066070557
617,"[3, 2, 5, 1]","[160, 160, 160, 160]","[6, 5, 5, 5]",4,17,14.642029762268066
618,"[6, 4, 4, 6, 3, 5, 3, 4]","[128, 128, 128, 128, 128, 128, 128, 128]","[3, 3, 6, 3, 4, 5, 5, 3]",8,18,31.751773834228516
619,"[3, 6, 4, 2, 3, 5, 3, 5, 1]","[48, 48, 48, 48, 48, 48, 48, 48, 48]","[5, 4, 6, 4, 6, 3, 4, 5, 5]",9,19,4.211322784423828
620,"[6, 5, 4, 6, 2, 6, 5, 3, 1]","[64, 64, 64, 64, 64, 64, 64, 64, 64]","[5, 3, 4, 4, 6, 5, 5, 3, 3]",9,0,9.173971176147461
621,"[6, 3, 6, 3, 4, 1, 3, 6, 1]","[144, 144, 144, 144, 144, 144, 144, 144, 144]","[5, 5, 4, 6, 3, 6, 4, 6, 6]",9,1,39.586360931396484
622,"[3, 6, 6, 6, 6, 4, 2, 4]","[48, 48, 48, 48, 48, 48, 48, 48]","[5, 3, 6, 6, 4, 5, 5, 4]",8,2,3.6596226692199707
623,"[2, 6, 5, 4, 1]","[48, 48, 48, 48, 48]","[6, 5, 5, 5, 6]",5,3,1.6804029941558838
624,"[1, 3, 6, 3]","[176, 176, 176, 176]","[6, 4, 6, 4]",4,4,25.179275512695312
625,"[1, 5, 1, 6, 3, 5, 1, 4, 3]","[112, 112, 112, 112, 112, 112, 112, 112, 112]","[5, 6, 4, 5, 6, 3, 6, 5, 5]",9,5,25.582056045532227
626,"[5, 2, 4, 2]","[32, 32, 32, 32]","[4, 3, 6, 4]",4,6,0.6754432916641235
627,"[5, 2, 3, 6, 1, 6, 3, 2, 2]","[48, 48, 48, 48, 48, 48, 48, 48, 48]","[3, 5, 6, 3, 5, 3, 3, 5, 3]",9,7,4.168674945831299
628,"[4, 4, 5, 3, 3, 5, 5]","[160, 160, 160, 160, 160, 160, 160]","[3, 4, 5, 4, 3, 6, 3]",7,8,53.121131896972656
629,"[1, 1, 2, 6]","[128, 128, 128, 128]","[5, 6, 6, 3]",4,9,11.117452621459961
630,"[5, 6, 6, 4, 2]","[32, 32, 32, 32, 32]","[5, 6, 4, 3, 6]",5,10,0.8754627108573914
631,"[4, 5, 1, 1, 4, 5, 1]","[128, 128, 128, 128, 128, 128, 128]","[3, 4, 6, 4, 3, 3, 3]",7,11,20.75311279296875
632,"[3, 1, 3, 4, 4, 5]","[32, 32, 32, 32, 32, 32]","[3, 3, 4, 3, 4, 6]",6,12,0.9224159717559814
633,"[4, 5, 2, 5, 6, 1, 6]","[48, 48, 48, 48, 48, 48, 48]","[4, 6, 3, 3, 4, 4, 3]",7,13,3.732663631439209
634,"[1, 1, 6, 5, 3, 2, 3, 1, 3]","[64, 64, 64, 64, 64, 64, 64, 64, 64]","[4, 5, 4, 3, 6, 3, 4, 5, 6]",9,14,8.134905815124512
635,"[2, 4, 6, 3, 2, 1, 6, 2]","[176, 176, 176, 176, 176, 176, 176, 176]","[5, 5, 5, 4, 5, 6, 5, 5]",8,15,62.693477630615234
636,"[6, 6, 4, 3]","[144, 144, 144, 144]","[4, 5, 4, 3]",4,16,15.56686019897461
637,"[3, 6, 4, 1, 1, 3, 6, 2, 5, 6]","[160, 160, 160, 160, 160, 160, 160, 160, 160, 160]","[4, 6, 4, 6, 3, 4, 5, 3, 5, 4]",10,17,68.31898498535156
638,"[2, 5, 6, 4, 4, 4, 4, 2, 5, 1]","[128, 128, 128, 128, 128, 128, 128, 128, 128, 128]","[3, 6, 5, 5, 6, 6, 6, 5, 6, 6]",10,18,39.69829177856445
639,"[1, 1, 3, 3, 5]","[48, 48, 48, 48, 48]","[3, 5, 5, 5, 6]",5,19,1.5373059511184692
640,"[5, 2, 1, 5, 6, 1, 4, 2]","[48, 48, 48, 48, 48, 48, 48, 48]","[3, 5, 4, 5, 3, 6, 6, 5]",8,0,3.451436996459961
641,"[6, 1, 2, 3, 5, 1, 1, 6, 5, 5]","[48, 48, 48, 48, 48, 48, 48, 48, 48, 48]","[5, 4, 4, 4, 4, 5, 3, 3, 4, 6]",10,1,6.287681579589844
642,"[4, 2, 3, 4]","[176, 176, 176, 176]","[6, 5, 6, 4]",4,2,24.297229766845703
643,"[5, 1, 2, 4, 2, 6, 1, 3, 5]","[32, 32, 32, 32, 32, 32, 32, 32, 32]","[3, 5, 6, 6, 4, 6, 4, 3, 6]",9,3,1.7722381353378296
644,"[3, 3, 3, 6]","[192, 192, 192, 192]","[4, 4, 3, 4]",4,4,34.53804016113281
645,"[6, 6, 1, 3, 1, 2, 2, 4, 6]","[64, 64, 64, 64, 64, 64, 64, 64, 64]","[6, 5, 3, 6, 3, 6, 6, 3, 3]",9,5,8.895691871643066
646,"[6, 4, 3, 2, 6, 4, 3]","[192, 192, 192, 192, 192, 192, 192]","[4, 3, 3, 6, 3, 5, 4]",7,6,66.55963897705078
647,"[2, 4, 2, 2, 6, 1, 4, 2, 2, 2]","[240, 240, 240, 240, 240, 240, 240, 240, 240, 240]","[6, 5, 3, 3, 6, 3, 6, 5, 5, 5]",10,7,117.6056900024414
648,"[5, 5, 1, 2, 3, 6, 6, 1]","[32, 32, 32, 32, 32, 32, 32, 32]","[5, 3, 4, 6, 3, 3, 3, 5]",8,8,1.6686973571777344
649,"[1, 5, 5, 4, 4, 1, 3]","[160, 160, 160, 160, 160, 160, 160]","[4, 6, 4, 3, 3, 4, 4]",7,9,40.79855728149414
650,"[5, 4, 2, 2, 4, 4]","[112, 112, 112, 112, 112, 112]","[3, 5, 5, 6, 3, 6]",6,10,14.208430290222168
651,"[1, 1, 2, 6, 3, 2, 4, 5]","[96, 96, 96, 96, 96, 96, 96, 96]","[4, 4, 6, 4, 4, 4, 5, 6]",8,11,16.261686325073242
652,"[5, 2, 3, 5, 4, 5, 5, 2]","[144, 144, 144, 144, 144, 144, 144, 144]","[6, 4, 3, 5, 3, 6, 6, 4]",8,12,42.82185363769531
653,"[1, 4, 6, 2]","[192, 192, 192, 192]","[4, 4, 6, 3]",4,13,28.527250289916992
654,"[4, 2, 5, 5, 6]","[144, 144, 144, 144, 144]","[6, 5, 6, 3, 3]",5,14,22.6214599609375
655,"[1, 2, 5, 4, 2]","[96, 96, 96, 96, 96]","[5, 3, 3, 5, 3]",5,15,6.566899299621582
656,"[6, 5, 1, 5, 3]","[144, 144, 144, 144, 144]","[6, 6, 5, 3, 3]",5,16,20.543087005615234
657,"[6, 2, 1, 1, 5, 4]","[128, 128, 128, 128, 128, 128]","[4, 5, 6, 6, 5, 5]",6,17,18.157522201538086
658,"[4, 6, 1, 4, 5, 6, 3, 6, 2]","[32, 32, 32, 32, 32, 32, 32, 32, 32]","[4, 4, 4, 5, 6, 5, 6, 5, 5]",9,18,1.7967873811721802
659,"[3, 3, 5, 2, 3, 1, 6]","[48, 48, 48, 48, 48, 48, 48]","[4, 4, 3, 5, 6, 4, 4]",7,19,3.6638715267181396
660,"[5, 3, 3, 5, 3, 2, 4]","[160, 160, 160, 160, 160, 160, 160]","[3, 4, 3, 3, 6, 3, 4]",7,0,47.78270721435547
661,"[2, 6, 4, 6, 3, 3, 4, 5, 3, 3]","[64, 64, 64, 64, 64, 64, 64, 64, 64, 64]","[4, 3, 5, 5, 4, 3, 4, 5, 5, 6]",10,1,12.104290962219238
662,"[1, 6, 5, 6, 6]","[32, 32, 32, 32, 32]","[3, 4, 6, 6, 6]",5,2,0.9404845237731934
663,"[6, 5, 3, 4, 1, 2, 2]","[96, 96, 96, 96, 96, 96, 96]","[5, 6, 4, 5, 5, 6, 6]",7,3,11.619941711425781
664,"[3, 6, 5, 1, 4, 1, 3, 5, 4, 6]","[96, 96, 96, 96, 96, 96, 96, 96, 96, 96]","[6, 4, 4, 3, 4, 6, 4, 5, 6, 4]",10,4,24.279048919677734
665,"[2, 2, 5, 3, 6, 2]","[128, 128, 128, 128, 128, 128]","[3, 5, 5, 6, 5, 6]",6,5,18.076122283935547
666,"[1, 1, 6, 2, 3, 1]","[192, 192, 192, 192, 192, 192]","[3, 4, 5, 6, 6, 3]",6,6,39.69812774658203
667,"[1, 6, 3, 1, 4, 6, 3]","[112, 112, 112, 112, 112, 112, 112]","[4, 5, 6, 6, 6, 3, 5]",7,7,19.09864616394043
668,"[1, 4, 3, 5, 3, 5, 2, 5, 2, 5]","[160, 160, 160, 160, 160, 160, 160, 160, 160, 160]","[3, 4, 5, 5, 3, 4, 6, 6, 6, 5]",10,8,62.4671516418457
669,"[2, 4, 2, 1, 6, 5, 6, 5, 3]","[96, 96, 96, 96, 96, 96, 96, 96, 96]","[4, 5, 5, 5, 3, 6, 3, 6, 4]",9,9,20.766298294067383
670,"[2, 2, 2, 1, 2]","[96, 96, 96, 96, 96]","[5, 5, 3, 3, 6]",5,10,4.212525367736816
671,"[5, 3, 1, 1, 4, 6, 1, 5]","[176, 176, 176, 176, 176, 176, 176, 176]","[4, 3, 6, 4, 4, 6, 6, 5]",8,11,50.02824401855469
672,"[4, 4, 4, 1, 2, 3, 1, 1, 4, 4]","[240, 240, 240, 240, 240, 240, 240, 240, 240, 240]","[5, 6, 5, 4, 5, 4, 6, 3, 6, 3]",10,12,102.0979995727539
673,"[2, 2, 6, 1, 4, 4, 5, 6, 6]","[64, 64, 64, 64, 64, 64, 64, 64, 64]","[5, 5, 6, 5, 5, 4, 3, 5, 3]",9,13,11.768597602844238
674,"[3, 2, 5, 5, 4, 4, 6]","[144, 144, 144, 144, 144, 144, 144]","[3, 4, 6, 4, 3, 6, 5]",7,14,43.81269073486328
675,"[5, 3, 5, 4]","[176, 176, 176, 176]","[3, 5, 5, 3]",4,15,27.303607940673828
676,"[3, 6, 2, 6, 3]","[144, 144, 144, 144, 144]","[6, 6, 6, 5, 3]",5,16,20.67279815673828
677,"[2, 2, 1, 1]","[128, 128, 128, 128]","[4, 6, 3, 4]",4,17,5.397238731384277
678,"[2, 1, 5, 2, 3, 5, 5, 5, 5]","[48, 48, 48, 48, 48, 48, 48, 48, 48]","[4, 6, 4, 3, 3, 6, 4, 5, 3]",9,18,6.1186323165893555
679,"[4, 6, 5, 4, 3, 5, 4, 1, 1, 2]","[48, 48, 48, 48, 48, 48, 48, 48, 48, 48]","[3, 3, 4, 5, 5, 4, 3, 4, 5, 4]",10,19,5.132464408874512
680,"[3, 1, 1, 1, 6]","[112, 112, 112, 112, 112]","[3, 5, 5, 6, 6]",5,0,7.994709014892578
681,"[3, 1, 5, 5, 2]","[64, 64, 64, 64, 64]","[4, 4, 4, 5, 4]",5,1,3.014075517654419
682,"[6, 5, 1, 2, 2, 6]","[64, 64, 64, 64, 64, 64]","[4, 6, 5, 5, 4, 3]",6,2,3.8075125217437744
683,"[2, 6, 4, 1, 5]","[112, 112, 112, 112, 112]","[6, 3, 6, 3, 3]",5,3,9.4376802444458
684,"[2, 1, 1, 5, 4, 2, 2]","[80, 80, 80, 80, 80, 80, 80]","[6, 6, 5, 3, 5, 6, 5]",7,4,7.229228496551514
685,"[3, 5, 4, 4, 2, 4]","[80, 80, 80, 80, 80, 80]","[5, 6, 6, 4, 4, 6]",6,5,5.913473129272461
686,"[2, 3, 1, 1, 4]","[176, 176, 176, 176, 176]","[6, 3, 5, 3, 5]",5,6,21.89996910095215
687,"[2, 2, 1, 6, 3]","[128, 128, 128, 128, 128]","[3, 3, 3, 4, 5]",5,7,13.983442306518555
688,"[1, 4, 2, 4, 1, 2, 5, 6, 6]","[32, 32, 32, 32, 32, 32, 32, 32, 32]","[5, 4, 5, 4, 3, 5, 6, 3, 3]",9,8,2.4346230030059814
689,"[6, 3, 1, 5, 3, 4, 4, 4]","[96, 96, 96, 96, 96, 96, 96, 96]","[5, 5, 6, 4, 3, 6, 4, 6]",8,9,16.487545013427734
690,"[6, 3, 5, 3, 6, 5, 2, 4, 5, 6]","[64, 64, 64, 64, 64, 64, 64, 64, 64, 64]","[3, 3, 5, 6, 5, 4, 3, 6, 4, 4]",10,10,12.034003257751465
691,"[3, 6, 3, 1, 4, 4, 2, 1, 6, 2]","[32, 32, 32, 32, 32, 32, 32, 32, 32, 32]","[4, 6, 4, 6, 3, 6, 4, 4, 3, 6]",10,11,2.5983715057373047
692,"[5, 1, 2, 5, 4, 3, 3, 5]","[160, 160, 160, 160, 160, 160, 160, 160]","[6, 3, 3, 3, 4, 5, 3, 4]",8,12,46.15940856933594
693,"[5, 6, 4, 5, 1, 6, 5, 3, 3, 5]","[192, 192, 192, 192, 192, 192, 192, 192, 192, 192]","[5, 5, 5, 5, 6, 4, 6, 3, 5, 5]",10,13,104.20037078857422
694,"[1, 6, 6, 6, 6, 2, 2]","[240, 240, 240, 240, 240, 240, 240]","[6, 6, 5, 5, 4, 3, 4]",7,14,108.10625457763672
695,"[3, 6, 3, 1, 4, 2, 4, 5, 1, 2]","[176, 176, 176, 176, 176, 176, 176, 176, 176, 176]","[3, 4, 3, 5, 6, 4, 3, 5, 3, 3]",10,15,70.35172271728516
696,"[2, 2, 1, 2, 2, 2, 3, 2, 2, 5]","[192, 192, 192, 192, 192, 192, 192, 192, 192, 192]","[3, 4, 5, 5, 6, 4, 5, 5, 4, 6]",10,16,78.18594360351562
697,"[1, 2, 3, 2, 6, 6, 3]","[96, 96, 96, 96, 96, 96, 96]","[6, 5, 4, 3, 6, 6, 3]",7,17,14.910950660705566
698,"[5, 6, 1, 5, 2]","[112, 112, 112, 112, 112]","[5, 4, 4, 5, 3]",5,18,9.722288131713867
699,"[5, 6, 5, 1, 1]","[160, 160, 160, 160, 160]","[3, 3, 4, 6, 4]",5,19,18.976491928100586
700,"[6, 1, 1, 5, 5, 6]","[32, 32, 32, 32, 32, 32]","[5, 5, 6, 6, 4, 6]",6,0,0.9841254353523254
701,"[6, 1, 1, 4]","[192, 192, 192, 192]","[5, 3, 5, 3]",4,1,26.19184112548828
702,"[1, 2, 6, 2, 2, 5, 1, 6, 4, 1]","[48, 48, 48, 48, 48, 48, 48, 48, 48, 48]","[4, 4, 6, 4, 4, 4, 4, 4, 4, 4]",10,2,5.458845138549805
703,"[2, 4, 1, 6, 6]","[64, 64, 64, 64, 64]","[5, 6, 5, 4, 4]",5,3,3.253384590148926
704,"[3, 6, 5, 3, 5, 3]","[64, 64, 64, 64, 64, 64]","[4, 4, 4, 3, 3, 6]",6,4,4.2257513999938965
705,"[6, 6, 6, 2, 1, 3, 3]","[48, 48, 48, 48, 48, 48, 48]","[6, 4, 3, 5, 4, 4, 6]",7,5,3.106445550918579
706,"[5, 4, 6, 3, 1, 4, 3]","[128, 128, 128, 128, 128, 128, 128]","[3, 5, 4, 4, 3, 4, 4]",7,6,27.227035522460938
707,"[6, 4, 1, 1, 5, 4, 3, 5, 5, 3]","[48, 48, 48, 48, 48, 48, 48, 48, 48, 48]","[6, 6, 6, 4, 4, 6, 3, 3, 5, 4]",10,7,6.288317680358887
708,"[4, 1, 4, 2, 4, 2, 6, 1, 6, 5]","[80, 80, 80, 80, 80, 80, 80, 80, 80, 80]","[4, 4, 3, 6, 4, 4, 5, 5, 5, 6]",10,8,18.11656951904297
709,"[2, 5, 5, 5, 4, 1]","[192, 192, 192, 192, 192, 192]","[4, 4, 4, 5, 5, 3]",6,9,48.048213958740234
710,"[4, 2, 3, 3, 6, 5, 4, 2]","[32, 32, 32, 32, 32, 32, 32, 32]","[4, 3, 3, 6, 3, 5, 5, 3]",8,10,1.5428621768951416
711,"[4, 6, 6, 4, 6, 6, 4, 2, 4, 6]","[192, 192, 192, 192, 192, 192, 192, 192, 192, 192]","[5, 4, 6, 5, 5, 5, 3, 5, 4, 3]",10,11,121.57960510253906
712,"[3, 5, 5, 2, 6, 4, 1, 1, 6, 2]","[32, 32, 32, 32, 32, 32, 32, 32, 32, 32]","[4, 6, 4, 4, 3, 6, 4, 4, 6, 4]",10,12,2.559044122695923
713,"[5, 1, 5, 6, 1, 1, 4]","[160, 160, 160, 160, 160, 160, 160]","[4, 6, 3, 4, 5, 6, 5]",7,13,47.43272399902344
714,"[2, 3, 5, 4, 5, 1, 1, 6, 5]","[160, 160, 160, 160, 160, 160, 160, 160, 160]","[3, 6, 5, 4, 3, 3, 6, 6, 6]",9,14,52.137908935546875
715,"[3, 5, 3, 6, 2, 2, 6, 6, 1, 6]","[128, 128, 128, 128, 128, 128, 128, 128, 128, 128]","[4, 4, 5, 3, 5, 6, 6, 4, 3, 4]",10,15,46.16688537597656
716,"[5, 3, 5, 4]","[144, 144, 144, 144]","[5, 4, 4, 3]",4,16,16.472776412963867
717,"[2, 1, 6, 6, 3]","[80, 80, 80, 80, 80]","[4, 6, 5, 4, 3]",5,17,4.994798183441162
718,"[2, 2, 5, 1, 3, 1]","[96, 96, 96, 96, 96, 96]","[6, 6, 5, 4, 3, 5]",6,18,6.511445045471191
719,"[3, 6, 4, 1]","[80, 80, 80, 80]","[6, 3, 4, 4]",4,19,2.9784183502197266
720,"[3, 5, 4, 2, 4]","[96, 96, 96, 96, 96]","[6, 5, 5, 4, 5]",5,0,6.37317419052124
721,"[2, 1, 1, 4, 4, 2]","[112, 112, 112, 112, 112, 112]","[4, 5, 3, 4, 5, 4]",6,1,11.41688060760498
722,"[6, 5, 2, 4, 6, 2, 2, 4, 1, 4]","[144, 144, 144, 144, 144, 144, 144, 144, 144, 144]","[3, 5, 3, 5, 3, 5, 3, 3, 5, 6]",10,2,45.385738372802734
723,"[1, 3, 4, 5, 4]","[64, 64, 64, 64, 64]","[3, 3, 6, 3, 4]",5,3,3.1968834400177
724,"[4, 6, 2, 1, 6, 5, 3, 1]","[48, 48, 48, 48, 48, 48, 48, 48]","[4, 5, 5, 4, 3, 3, 6, 4]",8,4,3.371305227279663
725,"[4, 4, 1, 1, 6]","[176, 176, 176, 176, 176]","[6, 5, 4, 3, 3]",5,5,26.13083267211914
726,"[3, 1, 4, 4, 3, 2, 5, 4]","[80, 80, 80, 80, 80, 80, 80, 80]","[5, 3, 6, 3, 6, 3, 3, 3]",8,6,11.20266056060791
727,"[6, 2, 1, 3, 1, 6]","[128, 128, 128, 128, 128, 128]","[4, 6, 4, 5, 5, 6]",6,7,16.667959213256836
728,"[6, 6, 3, 6, 1, 6, 1, 1]","[176, 176, 176, 176, 176, 176, 176, 176]","[5, 5, 6, 4, 6, 6, 6, 5]",8,8,55.77154541015625
729,"[1, 3, 6, 3, 2, 3]","[240, 240, 240, 240, 240, 240]","[5, 6, 5, 6, 6, 4]",6,9,75.51864624023438
730,"[4, 3, 3, 2, 2, 5, 5, 4, 2, 4]","[240, 240, 240, 240, 240, 240, 240, 240, 240, 240]","[3, 3, 6, 4, 4, 4, 6, 6, 6, 4]",10,10,135.33389282226562
731,"[1, 5, 1, 5, 3, 3, 5]","[32, 32, 32, 32, 32, 32, 32]","[5, 4, 6, 5, 4, 3, 6]",7,11,1.5071563720703125
732,"[1, 6, 3, 1, 3, 4, 6, 1, 5]","[48, 48, 48, 48, 48, 48, 48, 48, 48]","[4, 3, 6, 6, 3, 6, 6, 4, 6]",9,12,5.330892086029053
733,"[3, 5, 4, 2, 3, 2, 4]","[240, 240, 240, 240, 240, 240, 240]","[6, 4, 3, 4, 5, 3, 6]",7,13,90.1014175415039
734,"[4, 6, 4, 5, 4, 4, 2]","[128, 128, 128, 128, 128, 128, 128]","[6, 5, 5, 4, 4, 4, 3]",7,14,27.169240951538086
735,"[4, 2, 2, 3, 6]","[80, 80, 80, 80, 80]","[6, 4, 4, 3, 4]",5,15,4.378081798553467
736,"[1, 3, 3, 4]","[128, 128, 128, 128]","[4, 3, 6, 4]",4,16,9.658616065979004
737,"[4, 2, 5, 5, 5, 4, 1]","[64, 64, 64, 64, 64, 64, 64]","[4, 4, 6, 6, 6, 3, 5]",7,17,5.293753623962402
738,"[6, 5, 4, 2, 1, 5, 5]","[128, 128, 128, 128, 128, 128, 128]","[5, 6, 6, 5, 4, 5, 6]",7,18,29.085012435913086
739,"[3, 5, 1, 5]","[160, 160, 160, 160]","[5, 4, 3, 6]",4,19,19.041166305541992
740,"[5, 5, 5, 3]","[192, 192, 192, 192]","[3, 4, 4, 4]",4,0,32.85803985595703
741,"[3, 3, 1, 2, 5, 5, 3]","[96, 96, 96, 96, 96, 96, 96]","[3, 4, 5, 4, 6, 5, 3]",7,1,13.5636625289917
742,"[3, 6, 3, 6, 1, 5, 3, 1, 5]","[128, 128, 128, 128, 128, 128, 128, 128, 128]","[5, 6, 6, 3, 6, 6, 3, 3, 4]",9,2,35.15388870239258
743,"[1, 1, 2, 4, 4]","[32, 32, 32, 32, 32]","[3, 5, 6, 4, 6]",5,3,0.7142765522003174
744,"[5, 2, 6, 4, 5, 3, 2, 4, 6, 4]","[112, 112, 112, 112, 112, 112, 112, 112, 112, 112]","[3, 6, 6, 3, 3, 5, 4, 5, 5, 6]",10,4,32.71084213256836
745,"[4, 4, 2, 1, 4]","[48, 48, 48, 48, 48]","[5, 3, 6, 6, 4]",5,5,1.4082083702087402
746,"[4, 1, 3, 5, 2]","[160, 160, 160, 160, 160]","[3, 5, 3, 3, 5]",5,6,22.83928108215332
747,"[1, 5, 4, 3, 3, 5]","[128, 128, 128, 128, 128, 128]","[6, 3, 3, 4, 5, 5]",6,7,18.803850173950195
748,"[4, 1, 5, 6]","[64, 64, 64, 64]","[3, 5, 4, 6]",4,8,2.858182430267334
749,"[2, 3, 2, 1, 5, 6, 3]","[48, 48, 48, 48, 48, 48, 48]","[3, 6, 6, 3, 4, 4, 5]",7,9,3.119044780731201
750,"[2, 4, 3, 5, 4]","[32, 32, 32, 32, 32]","[5, 6, 5, 6, 3]",5,10,0.7840639352798462
751,"[4, 3, 6, 5]","[80, 80, 80, 80]","[5, 6, 3, 5]",4,11,4.353224277496338
752,"[2, 4, 3, 4, 3, 5, 3, 1, 4]","[96, 96, 96, 96, 96, 96, 96, 96, 96]","[6, 4, 5, 4, 5, 5, 6, 5, 5]",9,12,19.30634117126465
753,"[5, 6, 4, 5, 6, 3, 4]","[64, 64, 64, 64, 64, 64, 64]","[3, 3, 3, 5, 4, 4, 4]",7,13,7.638737678527832
754,"[4, 5, 3, 4]","[144, 144, 144, 144]","[5, 5, 5, 6]",4,14,14.701207160949707
755,"[6, 3, 1, 4, 1, 1]","[128, 128, 128, 128, 128, 128]","[5, 4, 4, 6, 6, 4]",6,15,13.647727966308594
756,"[6, 3, 2, 2, 2, 2, 5, 2, 4]","[192, 192, 192, 192, 192, 192, 192, 192, 192]","[3, 3, 5, 6, 6, 5, 4, 4, 4]",9,16,77.33165740966797
757,"[6, 1, 3, 3, 3, 6, 3, 1, 1]","[96, 96, 96, 96, 96, 96, 96, 96, 96]","[5, 3, 3, 3, 4, 4, 4, 6, 3]",9,17,16.23151206970215
758,"[5, 2, 4, 1, 5, 2, 2, 4]","[192, 192, 192, 192, 192, 192, 192, 192]","[3, 4, 5, 5, 6, 5, 6, 5]",8,18,59.750221252441406
759,"[3, 6, 5, 1, 5, 5, 5, 2, 2]","[80, 80, 80, 80, 80, 80, 80, 80, 80]","[6, 4, 4, 6, 3, 3, 6, 5, 6]",9,19,13.442747116088867
760,"[1, 4, 4, 4, 1, 4, 2, 4, 4]","[240, 240, 240, 240, 240, 240, 240, 240, 240]","[3, 6, 4, 4, 3, 3, 3, 5, 3]",9,0,111.43472290039062
761,"[1, 5, 2, 3]","[192, 192, 192, 192]","[4, 6, 4, 4]",4,1,23.811203002929688
762,"[3, 5, 6, 3, 6]","[48, 48, 48, 48, 48]","[3, 5, 6, 3, 3]",5,2,1.972722053527832
763,"[2, 3, 5, 2, 3, 4, 4]","[160, 160, 160, 160, 160, 160, 160]","[4, 6, 6, 6, 3, 4, 5]",7,3,44.51947784423828
764,"[3, 1, 2, 1, 3, 2, 5, 5]","[160, 160, 160, 160, 160, 160, 160, 160]","[5, 4, 4, 5, 5, 3, 3, 6]",8,4,44.470706939697266
765,"[1, 1, 1, 5, 1, 2, 2, 5, 1]","[32, 32, 32, 32, 32, 32, 32, 32, 32]","[5, 4, 3, 3, 5, 3, 4, 5, 4]",9,5,1.4007043838500977
766,"[6, 6, 1, 3, 4, 4, 1, 1, 4, 5]","[144, 144, 144, 144, 144, 144, 144, 144, 144, 144]","[5, 6, 4, 3, 4, 4, 6, 4, 3, 3]",10,6,49.305484771728516
767,"[1, 5, 2, 2, 3]","[64, 64, 64, 64, 64]","[5, 4, 6, 5, 5]",5,7,2.3513238430023193
768,"[1, 4, 1, 5, 4, 2, 1, 1, 6, 4]","[112, 112, 112, 112, 112, 112, 112, 112, 112, 112]","[3, 6, 5, 6, 5, 5, 4, 3, 3, 4]",10,8,28.678125381469727
769,"[3, 6, 2, 5, 4, 3, 3, 2, 2, 5]","[32, 32, 32, 32, 32, 32, 32, 32, 32, 32]","[4, 5, 4, 6, 5, 6, 5, 5, 5, 3]",10,9,2.675837516784668
770,"[4, 5, 5, 4]","[80, 80, 80, 80]","[4, 4, 4, 5]",4,10,4.052202224731445
771,"[1, 5, 1, 4, 4, 3, 4, 3, 4]","[176, 176, 176, 176, 176, 176, 176, 176, 176]","[6, 6, 5, 3, 3, 5, 5, 3, 6]",9,11,65.75169372558594
772,"[3, 6, 5, 5, 5, 3, 5]","[64, 64, 64, 64, 64, 64, 64]","[6, 4, 3, 6, 3, 5, 6]",7,12,7.824825763702393
773,"[3, 3, 6, 3, 5]","[80, 80, 80, 80, 80]","[5, 4, 4, 6, 4]",5,13,4.918590068817139
774,"[6, 1, 1, 6]","[240, 240, 240, 240]","[3, 3, 4, 6]",4,14,55.820068359375
775,"[3, 6, 1, 5, 2, 4, 2, 1, 5, 6]","[160, 160, 160, 160, 160, 160, 160, 160, 160, 160]","[5, 5, 6, 4, 3, 3, 6, 3, 5, 4]",10,15,63.45689392089844
776,"[4, 2, 2, 5, 1]","[176, 176, 176, 176, 176]","[6, 4, 4, 3, 6]",5,16,27.447179794311523
777,"[1, 3, 5, 6, 1, 4, 1]","[160, 160, 160, 160, 160, 160, 160]","[4, 4, 3, 3, 6, 6, 6]",7,17,39.033042907714844
778,"[5, 2, 2, 1, 5, 6]","[112, 112, 112, 112, 112, 112]","[6, 6, 5, 6, 3, 5]",6,18,15.377056121826172
779,"[2, 1, 1, 3]","[240, 240, 240, 240]","[5, 3, 4, 3]",4,19,35.333946228027344
780,"[6, 4, 4, 2, 1, 5, 2]","[64, 64, 64, 64, 64, 64, 64]","[5, 5, 4, 5, 6, 3, 4]",7,0,5.384609699249268
781,"[5, 5, 4, 5, 1, 4, 4, 1]","[32, 32, 32, 32, 32, 32, 32, 32]","[4, 3, 4, 3, 6, 5, 6, 5]",8,1,1.495715618133545
782,"[5, 4, 3, 3, 5]","[192, 192, 192, 192, 192]","[5, 6, 4, 6, 6]",5,2,39.52900695800781
783,"[3, 6, 6, 4, 6, 5, 3, 2, 6, 1]","[32, 32, 32, 32, 32, 32, 32, 32, 32, 32]","[4, 6, 4, 3, 4, 4, 6, 4, 6, 3]",10,3,2.8902158737182617
784,"[4, 4, 2, 5, 5, 4, 6]","[160, 160, 160, 160, 160, 160, 160]","[4, 4, 4, 3, 3, 3, 5]",7,4,55.81166458129883
785,"[1, 3, 1, 5, 6]","[240, 240, 240, 240, 240]","[5, 3, 5, 4, 5]",5,5,63.136878967285156
786,"[4, 5, 3, 1, 3, 2, 4, 2, 6]","[96, 96, 96, 96, 96, 96, 96, 96, 96]","[6, 3, 6, 6, 3, 5, 5, 3, 6]",9,6,19.896759033203125
787,"[5, 6, 1, 2, 1, 2, 4, 2]","[144, 144, 144, 144, 144, 144, 144, 144]","[4, 5, 6, 3, 4, 5, 6, 3]",8,7,33.098365783691406
788,"[5, 3, 1, 5, 3, 2, 3]","[240, 240, 240, 240, 240, 240, 240]","[4, 6, 4, 6, 5, 5, 5]",7,8,92.71160125732422
789,"[3, 5, 3, 6, 3, 2, 5, 6, 5]","[128, 128, 128, 128, 128, 128, 128, 128, 128]","[3, 3, 6, 3, 6, 4, 6, 6, 5]",9,9,39.52840042114258
790,"[5, 3, 6, 4, 1]","[160, 160, 160, 160, 160]","[6, 5, 3, 3, 6]",5,10,24.923017501831055
791,"[6, 5, 3, 6, 3, 1, 4]","[160, 160, 160, 160, 160, 160, 160]","[3, 6, 5, 3, 6, 5, 3]",7,11,47.89451599121094
792,"[1, 3, 5, 1, 6, 5, 4, 1]","[128, 128, 128, 128, 128, 128, 128, 128]","[4, 4, 5, 6, 3, 3, 3, 5]",8,12,26.81052017211914
793,"[4, 5, 6, 6, 2, 3, 1]","[112, 112, 112, 112, 112, 112, 112]","[4, 4, 6, 5, 6, 4, 6]",7,13,18.871227264404297
794,"[2, 6, 6, 1]","[112, 112, 112, 112]","[3, 6, 4, 3]",4,14,7.383296966552734
795,"[2, 2, 4, 3, 6, 5, 3, 1, 1, 2]","[128, 128, 128, 128, 128, 128, 128, 128, 128, 128]","[6, 6, 6, 6, 3, 6, 3, 6, 3, 5]",10,15,33.124576568603516
796,"[2, 2, 2, 6, 3, 4, 6, 6, 6]","[32, 32, 32, 32, 32, 32, 32, 32, 32]","[4, 3, 6, 5, 6, 4, 3, 4, 3]",9,16,2.688553810119629
797,"[3, 4, 5, 2, 3, 1, 3, 2]","[48, 48, 48, 48, 48, 48, 48, 48]","[4, 5, 3, 4, 5, 3, 5, 5]",8,17,3.1660187244415283
798,"[1, 4, 4, 5, 4, 3, 5, 6]","[128, 128, 128, 128, 128, 128, 128, 128]","[5, 3, 4, 5, 3, 4, 6, 4]",8,18,31.14456558227539
799,"[4, 2, 5, 6, 1]","[240, 240, 240, 240, 240]","[6, 5, 5, 4, 3]",5,19,69.1495361328125
800,"[6, 5, 5, 4]","[112, 112, 112, 112]","[6, 5, 5, 6]",4,0,9.571900367736816
801,"[1, 3, 4, 2, 2, 3, 6, 1]","[128, 128, 128, 128, 128, 128, 128, 128]","[5, 5, 4, 4, 5, 4, 6, 3]",8,1,26.6791934967041
802,"[2, 4, 4, 4, 6, 5, 3]","[128, 128, 128, 128, 128, 128, 128]","[3, 4, 6, 3, 6, 4, 4]",7,2,27.829078674316406
803,"[4, 6, 5, 1, 2, 4]","[240, 240, 240, 240, 240, 240]","[5, 3, 5, 4, 3, 5]",6,3,75.52852630615234
804,"[4, 3, 5, 3]","[160, 160, 160, 160]","[3, 5, 3, 3]",4,4,19.315397262573242
805,"[4, 1, 4, 6, 6, 4, 5, 6, 2, 6]","[96, 96, 96, 96, 96, 96, 96, 96, 96, 96]","[5, 3, 6, 6, 6, 4, 3, 4, 3, 5]",10,5,25.003862380981445
806,"[4, 4, 3, 4, 4, 1, 4, 4]","[48, 48, 48, 48, 48, 48, 48, 48]","[5, 6, 4, 3, 5, 6, 4, 6]",8,6,3.682084560394287
807,"[4, 4, 5, 1, 4, 4]","[96, 96, 96, 96, 96, 96]","[4, 3, 4, 4, 4, 6]",6,7,9.209294319152832
808,"[6, 4, 2, 1, 2, 5, 6, 5]","[96, 96, 96, 96, 96, 96, 96, 96]","[4, 5, 4, 6, 5, 5, 4, 3]",8,8,17.34033966064453
809,"[3, 3, 4, 1, 4, 4, 5, 6]","[240, 240, 240, 240, 240, 240, 240, 240]","[6, 5, 3, 6, 5, 3, 5, 3]",8,9,109.92827606201172
810,"[3, 6, 6, 5, 1, 1, 2, 4, 2]","[96, 96, 96, 96, 96, 96, 96, 96, 96]","[6, 4, 5, 6, 5, 5, 4, 6, 4]",9,10,15.35079574584961
811,"[2, 1, 5, 3, 4, 6, 5, 2, 1, 5]","[80, 80, 80, 80, 80, 80, 80, 80, 80, 80]","[6, 6, 3, 4, 5, 5, 6, 6, 5, 5]",10,11,15.124067306518555
812,"[6, 4, 3, 3, 5, 3, 2, 5, 1]","[48, 48, 48, 48, 48, 48, 48, 48, 48]","[3, 5, 4, 3, 3, 6, 4, 4, 6]",9,12,3.693943977355957
813,"[3, 2, 3, 2, 6, 3, 2, 5, 2]","[112, 112, 112, 112, 112, 112, 112, 112, 112]","[4, 3, 4, 6, 3, 5, 6, 6, 5]",9,13,23.664966583251953
814,"[6, 4, 4, 5, 1, 3, 5, 1, 3, 1]","[144, 144, 144, 144, 144, 144, 144, 144, 144, 144]","[3, 3, 3, 3, 6, 5, 6, 5, 6, 5]",10,14,49.86549377441406
815,"[3, 1, 4, 4, 1, 2, 6, 4]","[128, 128, 128, 128, 128, 128, 128, 128]","[4, 5, 5, 4, 6, 5, 5, 6]",8,15,29.67385482788086
816,"[5, 5, 1, 6, 6]","[176, 176, 176, 176, 176]","[6, 6, 3, 4, 5]",5,16,40.32178497314453
817,"[2, 1, 4, 5, 6, 2, 4]","[96, 96, 96, 96, 96, 96, 96]","[4, 5, 3, 5, 6, 6, 5]",7,17,14.600410461425781
818,"[2, 3, 4, 2]","[144, 144, 144, 144]","[3, 5, 3, 4]",4,18,11.534687042236328
819,"[1, 5, 6, 5, 6, 1]","[192, 192, 192, 192, 192, 192]","[3, 5, 6, 6, 6, 6]",6,19,52.482666015625
820,"[1, 1, 5, 5, 4]","[176, 176, 176, 176, 176]","[5, 4, 5, 5, 5]",5,0,31.37214469909668
821,"[5, 6, 2, 1, 4, 3, 2]","[240, 240, 240, 240, 240, 240, 240]","[5, 4, 6, 5, 6, 3, 5]",7,1,79.45988464355469
822,"[4, 3, 3, 5, 6, 3, 4, 5]","[48, 48, 48, 48, 48, 48, 48, 48]","[5, 3, 3, 4, 5, 6, 5, 3]",8,2,3.952899217605591
823,"[2, 6, 3, 2, 2]","[144, 144, 144, 144, 144]","[5, 6, 4, 3, 5]",5,3,13.738479614257812
824,"[1, 5, 6, 3, 2, 2, 6, 5, 6]","[32, 32, 32, 32, 32, 32, 32, 32, 32]","[6, 4, 4, 6, 3, 4, 4, 5, 3]",9,4,2.62457537651062
825,"[3, 4, 1, 1, 1, 2, 2, 2]","[64, 64, 64, 64, 64, 64, 64, 64]","[3, 5, 6, 6, 3, 3, 5, 4]",8,5,4.361249923706055
826,"[2, 1, 1, 6, 4, 3, 1, 3]","[32, 32, 32, 32, 32, 32, 32, 32]","[4, 6, 4, 4, 4, 6, 5, 6]",8,6,1.083338737487793
827,"[5, 4, 5, 3, 4, 2, 5]","[32, 32, 32, 32, 32, 32, 32]","[5, 3, 6, 5, 3, 3, 3]",7,7,1.645792841911316
828,"[2, 6, 1, 3]","[144, 144, 144, 144]","[4, 3, 4, 4]",4,8,11.43155288696289
829,"[1, 3, 3, 4, 2, 6, 5, 3, 4]","[240, 240, 240, 240, 240, 240, 240, 240, 240]","[5, 6, 3, 4, 3, 6, 3, 4, 5]",9,9,120.67619323730469
830,"[4, 6, 3, 5]","[176, 176, 176, 176]","[6, 5, 5, 3]",4,10,28.240083694458008
831,"[6, 5, 5, 1, 6, 1, 6, 2]","[112, 112, 112, 112, 112, 112, 112, 112]","[6, 3, 6, 4, 4, 5, 5, 3]",8,11,23.234928131103516
832,"[1, 3, 6, 2]","[80, 80, 80, 80]","[4, 5, 5, 3]",4,12,3.38191819190979
833,"[2, 6, 6, 5, 4, 1, 5, 4]","[144, 144, 144, 144, 144, 144, 144, 144]","[5, 5, 5, 4, 3, 6, 5, 6]",8,13,41.27341079711914
834,"[4, 5, 1, 2, 3]","[160, 160, 160, 160, 160]","[5, 5, 6, 5, 3]",5,14,18.81939125061035
835,"[3, 2, 3, 6, 2, 4, 6, 2]","[144, 144, 144, 144, 144, 144, 144, 144]","[5, 3, 4, 5, 3, 5, 3, 3]",8,15,41.79934310913086
836,"[1, 3, 6, 5]","[144, 144, 144, 144]","[3, 6, 5, 3]",4,16,17.347623825073242
837,"[6, 1, 6, 5, 6]","[240, 240, 240, 240, 240]","[3, 4, 5, 5, 4]",5,17,79.08444213867188
838,"[2, 6, 6, 4, 1, 4, 1, 5]","[176, 176, 176, 176, 176, 176, 176, 176]","[6, 5, 3, 4, 5, 4, 4, 4]",8,18,58.65888214111328
839,"[2, 2, 3, 5, 4, 1, 2]","[160, 160, 160, 160, 160, 160, 160]","[5, 6, 3, 3, 6, 5, 6]",7,19,37.728981018066406
840,"[3, 1, 3, 6, 1, 4, 3, 3]","[192, 192, 192, 192, 192, 192, 192, 192]","[4, 5, 3, 6, 3, 3, 4, 3]",8,0,65.84912872314453
841,"[6, 2, 2, 6, 2, 5, 4, 3, 3]","[160, 160, 160, 160, 160, 160, 160, 160, 160]","[3, 6, 3, 4, 6, 6, 3, 3, 4]",9,1,56.547245025634766
842,"[5, 4, 3, 2, 5, 5]","[64, 64, 64, 64, 64, 64]","[3, 5, 5, 5, 4, 5]",6,2,4.304401874542236
843,"[5, 6, 3, 6, 6, 6, 2, 2, 6]","[64, 64, 64, 64, 64, 64, 64, 64, 64]","[6, 3, 6, 4, 5, 6, 3, 6, 3]",9,3,10.760040283203125
844,"[4, 1, 1, 2, 6, 4, 3, 2, 6]","[48, 48, 48, 48, 48, 48, 48, 48, 48]","[5, 6, 4, 6, 4, 5, 6, 4, 3]",9,4,5.081146240234375
845,"[3, 2, 4, 4, 1, 1, 3]","[80, 80, 80, 80, 80, 80, 80]","[4, 4, 5, 6, 4, 6, 3]",7,5,7.6626973152160645
846,"[6, 3, 4, 4, 2, 5]","[144, 144, 144, 144, 144, 144]","[4, 3, 6, 6, 5, 5]",6,6,25.967653274536133
847,"[5, 2, 3, 6, 3, 3, 2, 1]","[160, 160, 160, 160, 160, 160, 160, 160]","[5, 4, 3, 5, 4, 3, 3, 6]",8,7,44.79594039916992
848,"[6, 5, 4, 2, 5, 2]","[48, 48, 48, 48, 48, 48]","[5, 3, 4, 6, 3, 6]",6,8,2.0203733444213867
849,"[2, 2, 6, 4, 6, 6, 4, 2]","[112, 112, 112, 112, 112, 112, 112, 112]","[4, 5, 4, 4, 5, 4, 6, 5]",8,9,23.169790267944336
850,"[3, 4, 2, 4, 4, 2, 6, 6, 4, 3]","[80, 80, 80, 80, 80, 80, 80, 80, 80, 80]","[4, 3, 3, 6, 5, 4, 3, 3, 6, 6]",10,10,17.679304122924805
851,"[5, 2, 6, 5, 6]","[240, 240, 240, 240, 240]","[4, 5, 3, 6, 3]",5,11,77.44524383544922
852,"[6, 5, 6, 4, 6, 4, 2, 6]","[32, 32, 32, 32, 32, 32, 32, 32]","[3, 5, 5, 4, 4, 6, 3, 3]",8,12,1.6348410844802856
853,"[5, 5, 3, 5, 4]","[240, 240, 240, 240, 240]","[6, 6, 4, 3, 5]",5,13,68.44036865234375
854,"[5, 3, 6, 4, 2, 5, 2, 5, 5, 3]","[128, 128, 128, 128, 128, 128, 128, 128, 128, 128]","[5, 6, 6, 5, 6, 6, 4, 6, 6, 3]",10,14,43.84764862060547
855,"[2, 5, 6, 1, 2, 6, 2, 2]","[80, 80, 80, 80, 80, 80, 80, 80]","[4, 6, 5, 4, 4, 6, 6, 5]",8,15,8.590656280517578
856,"[4, 5, 1, 2, 3, 3, 5, 6]","[192, 192, 192, 192, 192, 192, 192, 192]","[6, 3, 4, 3, 6, 5, 5, 5]",8,16,69.26285552978516
857,"[4, 3, 4, 5, 2]","[192, 192, 192, 192, 192]","[4, 6, 3, 6, 4]",5,17,39.67948913574219
858,"[5, 6, 3, 2, 2, 1]","[96, 96, 96, 96, 96, 96]","[6, 4, 3, 6, 5, 4]",6,18,7.006862163543701
859,"[5, 5, 4, 2, 1, 4, 5, 5]","[160, 160, 160, 160, 160, 160, 160, 160]","[6, 3, 6, 4, 4, 6, 6, 3]",8,19,52.65763854980469
860,"[6, 1, 3, 3, 3, 6, 6, 3, 1]","[192, 192, 192, 192, 192, 192, 192, 192, 192]","[4, 5, 5, 5, 4, 4, 4, 4, 5]",9,0,78.3527603149414
861,"[4, 4, 4, 2, 1, 6, 3, 1, 3]","[192, 192, 192, 192, 192, 192, 192, 192, 192]","[3, 4, 3, 4, 5, 3, 4, 3, 3]",9,1,72.93580627441406
862,"[2, 1, 4, 5]","[80, 80, 80, 80]","[4, 4, 5, 5]",4,2,3.668951988220215
863,"[5, 1, 5, 3, 1, 3]","[64, 64, 64, 64, 64, 64]","[3, 3, 5, 5, 5, 6]",6,3,3.3831610679626465
864,"[5, 6, 3, 4, 6]","[64, 64, 64, 64, 64]","[3, 3, 6, 5, 5]",5,4,3.5750651359558105
865,"[3, 1, 3, 3, 3, 4]","[32, 32, 32, 32, 32, 32]","[3, 4, 4, 6, 3, 5]",6,5,0.8825523257255554
866,"[3, 2, 4, 3, 6, 2, 2]","[128, 128, 128, 128, 128, 128, 128]","[6, 4, 5, 6, 3, 3, 4]",7,6,23.77596092224121
867,"[2, 3, 6, 2, 3, 6, 3]","[128, 128, 128, 128, 128, 128, 128]","[5, 6, 5, 4, 3, 6, 3]",7,7,26.15108299255371
868,"[5, 1, 6, 1, 5, 5]","[144, 144, 144, 144, 144, 144]","[4, 4, 5, 5, 3, 6]",6,8,26.241172790527344
869,"[1, 6, 2, 4, 1, 2, 6, 5, 2]","[240, 240, 240, 240, 240, 240, 240, 240, 240]","[4, 6, 5, 3, 5, 4, 6, 3, 3]",9,9,118.85456085205078
870,"[5, 5, 4, 6, 6, 2, 5, 6]","[128, 128, 128, 128, 128, 128, 128, 128]","[5, 5, 6, 3, 4, 5, 6, 4]",8,10,33.08503341674805
871,"[6, 5, 1, 6, 6, 5, 1]","[96, 96, 96, 96, 96, 96, 96]","[4, 6, 4, 6, 4, 6, 3]",7,11,13.213321685791016
872,"[2, 6, 2, 6, 4]","[192, 192, 192, 192, 192]","[4, 6, 4, 3, 4]",5,12,40.75037384033203
873,"[3, 1, 5, 1]","[240, 240, 240, 240]","[5, 4, 6, 4]",4,13,38.982234954833984
874,"[3, 3, 2, 2]","[176, 176, 176, 176]","[4, 3, 6, 5]",4,14,17.083946228027344
875,"[4, 3, 3, 2, 1, 6, 6, 6, 5, 6]","[80, 80, 80, 80, 80, 80, 80, 80, 80, 80]","[3, 3, 6, 5, 6, 3, 6, 5, 6, 4]",10,15,19.530183792114258
876,"[1, 1, 6, 2, 6, 5, 3]","[128, 128, 128, 128, 128, 128, 128]","[6, 5, 6, 5, 3, 4, 6]",7,16,26.079450607299805
877,"[3, 3, 6, 4, 2, 4, 4, 4, 6]","[160, 160, 160, 160, 160, 160, 160, 160, 160]","[5, 4, 5, 4, 3, 4, 3, 5, 6]",9,17,64.51262664794922
878,"[6, 2, 5, 6, 4]","[48, 48, 48, 48, 48]","[4, 3, 3, 3, 4]",5,18,2.043903112411499
879,"[4, 3, 5, 5]","[112, 112, 112, 112]","[4, 4, 4, 4]",4,19,9.802899360656738
880,"[5, 5, 4, 3, 4, 3, 2]","[176, 176, 176, 176, 176, 176, 176]","[5, 4, 5, 3, 6, 4, 4]",7,0,50.77922058105469
881,"[1, 6, 5, 1, 5, 1, 1]","[160, 160, 160, 160, 160, 160, 160]","[5, 5, 5, 3, 6, 3, 4]",7,1,31.096418380737305
882,"[4, 3, 2, 6, 3, 5, 6, 1, 5, 4]","[64, 64, 64, 64, 64, 64, 64, 64, 64, 64]","[3, 3, 6, 6, 4, 6, 3, 5, 5, 3]",10,2,13.405588150024414
883,"[6, 5, 3, 3, 5, 4]","[96, 96, 96, 96, 96, 96]","[4, 6, 4, 6, 3, 3]",6,3,10.405555725097656
884,"[6, 4, 3, 2, 1]","[144, 144, 144, 144, 144]","[5, 6, 4, 5, 4]",5,4,13.875273704528809
885,"[3, 2, 6, 1, 2]","[240, 240, 240, 240, 240]","[6, 6, 4, 6, 5]",5,5,50.42948913574219
886,"[1, 2, 2, 2]","[96, 96, 96, 96]","[5, 4, 4, 6]",4,6,3.6951708793640137
887,"[5, 4, 2, 3, 2, 4, 1]","[64, 64, 64, 64, 64, 64, 64]","[4, 3, 6, 5, 3, 3, 3]",7,7,4.347838401794434
888,"[4, 3, 4, 2, 5, 4, 1, 1, 6, 5]","[96, 96, 96, 96, 96, 96, 96, 96, 96, 96]","[4, 3, 5, 4, 5, 5, 4, 3, 6, 4]",10,8,21.813554763793945
889,"[6, 2, 4, 6, 3, 1, 5]","[96, 96, 96, 96, 96, 96, 96]","[5, 4, 4, 4, 6, 3, 6]",7,9,14.824858665466309
890,"[1, 4, 3, 5, 5, 1, 3, 2]","[160, 160, 160, 160, 160, 160, 160, 160]","[3, 3, 5, 5, 6, 6, 3, 3]",8,10,43.59568405151367
891,"[5, 5, 5, 1, 3, 4]","[112, 112, 112, 112, 112, 112]","[6, 4, 4, 3, 6, 3]",6,11,13.507562637329102
892,"[4, 2, 1, 1, 2, 6, 4, 2, 1]","[176, 176, 176, 176, 176, 176, 176, 176, 176]","[6, 6, 4, 4, 5, 4, 3, 3, 4]",9,12,53.3228645324707
893,"[5, 3, 2, 5, 2]","[48, 48, 48, 48, 48]","[5, 4, 3, 3, 6]",5,13,1.5371538400650024
894,"[5, 3, 2, 2, 1, 5, 1, 3]","[96, 96, 96, 96, 96, 96, 96, 96]","[3, 5, 5, 3, 4, 5, 4, 5]",8,14,11.137928009033203
895,"[3, 6, 4, 1, 5, 5, 3, 3, 3, 5]","[48, 48, 48, 48, 48, 48, 48, 48, 48, 48]","[4, 3, 6, 3, 4, 5, 6, 3, 5, 3]",10,15,5.807136058807373
896,"[4, 1, 1, 5, 4]","[192, 192, 192, 192, 192]","[4, 5, 6, 6, 6]",5,16,36.98373794555664
897,"[1, 4, 2, 5, 5, 5, 1, 1, 5, 3]","[48, 48, 48, 48, 48, 48, 48, 48, 48, 48]","[3, 6, 3, 5, 3, 4, 3, 4, 3, 4]",10,17,5.477699279785156
898,"[4, 5, 6, 6, 4, 4, 2, 3]","[80, 80, 80, 80, 80, 80, 80, 80]","[4, 4, 6, 6, 4, 3, 3, 3]",8,18,9.720417976379395
899,"[1, 6, 6, 2, 1, 6, 2]","[176, 176, 176, 176, 176, 176, 176]","[5, 5, 4, 3, 6, 5, 6]",7,19,54.15634536743164
900,"[2, 5, 6, 3, 3, 3, 3, 2]","[64, 64, 64, 64, 64, 64, 64, 64]","[3, 3, 6, 3, 5, 3, 4, 4]",8,0,6.722836971282959
901,"[5, 1, 5, 1, 3, 3, 2, 5]","[64, 64, 64, 64, 64, 64, 64, 64]","[5, 5, 3, 5, 6, 6, 5, 4]",8,1,5.657295227050781
902,"[5, 5, 2, 4, 6, 2, 2, 1, 5]","[80, 80, 80, 80, 80, 80, 80, 80, 80]","[4, 6, 5, 3, 4, 3, 4, 5, 6]",9,2,13.944488525390625
903,"[6, 6, 5, 5, 3]","[240, 240, 240, 240, 240]","[3, 4, 6, 6, 3]",5,3,74.6734848022461
904,"[5, 1, 6, 6, 6, 6, 1, 2, 1]","[112, 112, 112, 112, 112, 112, 112, 112, 112]","[3, 5, 4, 3, 6, 3, 4, 5, 4]",9,4,23.376846313476562
905,"[2, 4, 1, 1, 5, 5]","[96, 96, 96, 96, 96, 96]","[5, 6, 5, 6, 6, 5]",6,5,8.935513496398926
906,"[1, 1, 3, 4]","[48, 48, 48, 48]","[6, 4, 4, 3]",4,6,1.3066418170928955
907,"[3, 4, 6, 1, 1]","[192, 192, 192, 192, 192]","[6, 5, 5, 4, 3]",5,7,30.44072914123535
908,"[2, 6, 6, 2, 5, 6, 6, 1, 2, 1]","[176, 176, 176, 176, 176, 176, 176, 176, 176, 176]","[3, 5, 6, 6, 3, 4, 4, 4, 6, 6]",10,8,83.62861633300781
909,"[4, 3, 2, 5, 6, 5, 1, 6]","[112, 112, 112, 112, 112, 112, 112, 112]","[6, 6, 4, 5, 3, 4, 3, 4]",8,9,21.326425552368164
910,"[4, 2, 6, 2, 1, 1, 4, 1, 3, 1]","[96, 96, 96, 96, 96, 96, 96, 96, 96, 96]","[6, 3, 6, 3, 4, 3, 5, 5, 6, 5]",10,10,20.084026336669922
911,"[2, 1, 4, 3, 1, 3, 5, 3, 4]","[240, 240, 240, 240, 240, 240, 240, 240, 240]","[4, 3, 4, 5, 4, 3, 5, 3, 6]",9,11,109.31089782714844
912,"[6, 5, 5, 6, 1, 4, 6, 6, 2]","[32, 32, 32, 32, 32, 32, 32, 32, 32]","[3, 6, 4, 5, 5, 3, 6, 6, 3]",9,12,2.262772798538208
913,"[5, 1, 2, 3, 5, 3, 4]","[64, 64, 64, 64, 64, 64, 64]","[5, 3, 4, 6, 3, 6, 5]",7,13,6.406024932861328
914,"[3, 1, 3, 4, 5, 2, 5]","[96, 96, 96, 96, 96, 96, 96]","[3, 5, 4, 3, 6, 3, 3]",7,14,14.78736686706543
915,"[2, 6, 6, 1, 4, 3, 4, 1, 5, 3]","[32, 32, 32, 32, 32, 32, 32, 32, 32, 32]","[4, 5, 3, 3, 3, 6, 4, 5, 6, 4]",10,15,2.6630568504333496
916,"[6, 6, 2, 2, 4, 6, 4, 3, 5, 5]","[240, 240, 240, 240, 240, 240, 240, 240, 240, 240]","[4, 5, 4, 6, 3, 5, 3, 3, 5, 3]",10,16,151.00668334960938
917,"[6, 5, 5, 6, 4, 5, 5]","[32, 32, 32, 32, 32, 32, 32]","[5, 3, 3, 3, 6, 3, 5]",7,17,1.7524806261062622
918,"[2, 1, 3, 1]","[176, 176, 176, 176]","[5, 6, 6, 5]",4,18,15.031965255737305
919,"[4, 6, 3, 4]","[160, 160, 160, 160]","[6, 6, 6, 6]",4,19,20.01582145690918
920,"[2, 3, 4, 3, 3, 5, 2, 6]","[160, 160, 160, 160, 160, 160, 160, 160]","[5, 4, 3, 3, 3, 5, 4, 5]",8,0,48.68803405761719
921,"[5, 6, 3, 4, 6, 6, 4, 4, 4]","[32, 32, 32, 32, 32, 32, 32, 32, 32]","[3, 3, 6, 3, 5, 5, 5, 6, 3]",9,1,2.217313766479492
922,"[3, 2, 3, 4, 3, 2, 5, 2, 5]","[176, 176, 176, 176, 176, 176, 176, 176, 176]","[3, 3, 5, 4, 6, 6, 4, 4, 6]",9,2,66.94779205322266
923,"[6, 4, 6, 1, 2, 4, 1, 5, 2, 2]","[192, 192, 192, 192, 192, 192, 192, 192, 192, 192]","[5, 6, 3, 4, 5, 6, 6, 5, 5, 6]",10,3,75.39640808105469
924,"[3, 2, 6, 5, 6, 4, 3, 3, 1]","[128, 128, 128, 128, 128, 128, 128, 128, 128]","[6, 4, 4, 5, 5, 6, 4, 4, 4]",9,4,31.436927795410156
925,"[3, 6, 2, 5, 1, 1, 5, 5, 6, 1]","[112, 112, 112, 112, 112, 112, 112, 112, 112, 112]","[3, 6, 6, 4, 6, 3, 3, 6, 4, 6]",10,5,33.75715637207031
926,"[5, 5, 3, 4, 6, 3, 4, 5, 1, 6]","[32, 32, 32, 32, 32, 32, 32, 32, 32, 32]","[3, 5, 6, 4, 6, 6, 3, 3, 4, 3]",10,6,3.2380759716033936
927,"[1, 2, 1, 6, 1, 2, 1, 1]","[64, 64, 64, 64, 64, 64, 64, 64]","[3, 4, 3, 4, 5, 6, 4, 5]",8,7,3.7292773723602295
928,"[1, 6, 3, 6, 5]","[144, 144, 144, 144, 144]","[4, 6, 5, 3, 6]",5,8,22.32248306274414
929,"[1, 5, 2, 1, 2, 6]","[48, 48, 48, 48, 48, 48]","[6, 4, 3, 6, 3, 3]",6,9,1.9216963052749634
930,"[1, 4, 1, 2, 3]","[80, 80, 80, 80, 80]","[5, 4, 3, 3, 5]",5,10,2.9926917552948
931,"[3, 5, 4, 5, 6]","[96, 96, 96, 96, 96]","[5, 4, 4, 3, 4]",5,11,8.416852951049805
932,"[5, 4, 3, 3, 6, 6, 4, 2]","[144, 144, 144, 144, 144, 144, 144, 144]","[5, 5, 6, 3, 4, 6, 6, 5]",8,12,41.25362777709961
933,"[1, 5, 1, 6, 3, 6]","[240, 240, 240, 240, 240, 240]","[4, 3, 5, 6, 5, 4]",6,13,82.79020690917969
934,"[6, 1, 5, 5, 4]","[32, 32, 32, 32, 32]","[4, 6, 4, 5, 4]",5,14,0.8879573345184326
935,"[5, 5, 4, 4, 1, 5, 6, 4, 2]","[144, 144, 144, 144, 144, 144, 144, 144, 144]","[6, 3, 3, 3, 3, 4, 4, 5, 5]",9,15,47.84332275390625
936,"[6, 2, 6, 3, 3, 6, 6, 3, 2]","[144, 144, 144, 144, 144, 144, 144, 144, 144]","[5, 5, 3, 3, 6, 6, 6, 4, 3]",9,16,49.15703201293945
937,"[6, 3, 4, 5]","[176, 176, 176, 176]","[4, 6, 5, 6]",4,17,28.234359741210938
938,"[5, 3, 1, 1, 3, 2, 5, 6, 2]","[112, 112, 112, 112, 112, 112, 112, 112, 112]","[3, 3, 4, 4, 6, 6, 3, 5, 3]",9,18,25.863143920898438
939,"[4, 1, 1, 1, 6]","[144, 144, 144, 144, 144]","[6, 4, 6, 5, 3]",5,19,14.943961143493652
940,"[5, 5, 3, 5, 2]","[96, 96, 96, 96, 96]","[4, 3, 3, 3, 5]",5,0,7.0765180587768555
941,"[4, 2, 4, 5, 5, 2, 3, 6, 4]","[64, 64, 64, 64, 64, 64, 64, 64, 64]","[4, 6, 4, 3, 4, 6, 5, 4, 5]",9,1,10.017655372619629
942,"[3, 3, 1, 2, 3]","[64, 64, 64, 64, 64]","[6, 3, 4, 5, 6]",5,2,2.179683208465576
943,"[4, 3, 5, 6, 2]","[112, 112, 112, 112, 112]","[3, 5, 3, 5, 6]",5,3,11.781989097595215
944,"[5, 2, 6, 5, 2, 6, 1, 6, 1, 2]","[80, 80, 80, 80, 80, 80, 80, 80, 80, 80]","[3, 6, 5, 6, 6, 3, 3, 3, 4, 3]",10,4,14.531864166259766
945,"[2, 2, 6, 4, 2, 1, 2]","[48, 48, 48, 48, 48, 48, 48]","[4, 3, 6, 4, 3, 5, 6]",7,5,2.5943663120269775
946,"[4, 6, 1, 4, 4, 3]","[240, 240, 240, 240, 240, 240]","[5, 5, 6, 5, 5, 6]",6,6,71.5080795288086
947,"[1, 6, 5, 5, 5, 1]","[96, 96, 96, 96, 96, 96]","[6, 3, 4, 3, 5, 3]",6,7,9.519697189331055
948,"[2, 4, 5, 2, 3, 1]","[80, 80, 80, 80, 80, 80]","[6, 5, 3, 3, 5, 3]",6,8,4.420868873596191
949,"[2, 6, 3, 5, 6, 3]","[128, 128, 128, 128, 128, 128]","[4, 3, 6, 6, 5, 4]",6,9,21.2673282623291
950,"[4, 4, 6, 1]","[160, 160, 160, 160]","[3, 4, 6, 5]",4,10,17.431915283203125
951,"[4, 6, 6, 4, 1, 1]","[144, 144, 144, 144, 144, 144]","[3, 4, 5, 5, 4, 4]",6,11,22.253862380981445
952,"[6, 1, 5, 3, 1, 1, 3]","[80, 80, 80, 80, 80, 80, 80]","[4, 3, 6, 6, 5, 6, 4]",7,12,7.823293685913086
953,"[1, 6, 3, 4, 2, 6]","[128, 128, 128, 128, 128, 128]","[4, 4, 4, 5, 5, 5]",6,13,18.085670471191406
954,"[2, 1, 3, 4, 2, 2]","[112, 112, 112, 112, 112, 112]","[6, 6, 4, 5, 3, 3]",6,14,10.973150253295898
955,"[3, 5, 2, 1, 2, 6, 4, 6, 6]","[64, 64, 64, 64, 64, 64, 64, 64, 64]","[5, 6, 4, 5, 3, 5, 3, 5, 3]",9,15,11.141778945922852
956,"[5, 5, 6, 5, 1, 4, 2, 4, 4, 2]","[176, 176, 176, 176, 176, 176, 176, 176, 176, 176]","[4, 4, 4, 6, 3, 4, 4, 6, 6, 5]",10,16,69.63740539550781
957,"[4, 1, 5, 5, 5, 3, 1, 2, 4]","[128, 128, 128, 128, 128, 128, 128, 128, 128]","[3, 3, 6, 3, 4, 6, 4, 3, 4]",9,17,33.663753509521484
958,"[5, 5, 5, 1, 2, 4, 3, 3, 5, 6]","[160, 160, 160, 160, 160, 160, 160, 160, 160, 160]","[5, 3, 4, 5, 4, 5, 4, 5, 5, 6]",10,18,63.09817123413086
959,"[1, 3, 4, 6]","[112, 112, 112, 112]","[3, 4, 5, 4]",4,19,9.583043098449707
960,"[5, 5, 3, 1, 5, 1, 2, 3, 5]","[112, 112, 112, 112, 112, 112, 112, 112, 112]","[4, 5, 4, 3, 5, 5, 5, 4, 3]",9,0,26.71782684326172
961,"[3, 1, 6, 1]","[96, 96, 96, 96]","[6, 3, 5, 3]",4,1,4.857950210571289
962,"[3, 5, 5, 6, 2, 1, 6]","[160, 160, 160, 160, 160, 160, 160]","[4, 5, 5, 3, 5, 5, 6]",7,2,53.408138275146484
963,"[3, 5, 2, 2, 4, 2, 3, 5, 1]","[80, 80, 80, 80, 80, 80, 80, 80, 80]","[3, 3, 3, 6, 4, 6, 3, 6, 6]",9,3,11.044353485107422
964,"[6, 5, 4, 2]","[32, 32, 32, 32]","[5, 5, 4, 5]",4,4,0.7048345804214478
965,"[6, 5, 6, 1, 3, 4, 1, 2, 3, 1]","[240, 240, 240, 240, 240, 240, 240, 240, 240, 240]","[6, 6, 4, 5, 6, 4, 3, 4, 5, 4]",10,5,115.48385620117188
966,"[4, 1, 2, 4, 5, 1, 1, 5, 2, 5]","[48, 48, 48, 48, 48, 48, 48, 48, 48, 48]","[4, 5, 4, 4, 3, 6, 6, 5, 5, 6]",10,6,4.695623874664307
967,"[4, 4, 5, 4, 4, 5, 2]","[80, 80, 80, 80, 80, 80, 80]","[6, 6, 3, 6, 5, 3, 5]",7,7,9.190624237060547
968,"[5, 3, 3, 3]","[96, 96, 96, 96]","[5, 4, 4, 4]",4,8,5.258423805236816
969,"[5, 4, 1, 1, 4, 2, 6, 4]","[112, 112, 112, 112, 112, 112, 112, 112]","[5, 3, 5, 3, 6, 3, 3, 5]",8,9,23.744007110595703
970,"[3, 2, 3, 1]","[144, 144, 144, 144]","[5, 5, 5, 6]",4,10,9.39180850982666
971,"[3, 2, 2, 6, 5]","[96, 96, 96, 96, 96]","[5, 3, 4, 5, 6]",5,11,7.990624904632568
972,"[6, 1, 3, 2, 4, 1, 6, 4, 1, 5]","[192, 192, 192, 192, 192, 192, 192, 192, 192, 192]","[5, 4, 4, 3, 5, 3, 5, 3, 3, 3]",10,12,89.5931167602539
973,"[2, 1, 2, 6, 1]","[144, 144, 144, 144, 144]","[3, 6, 3, 3, 6]",5,13,16.40316390991211
974,"[4, 1, 4, 2, 4, 6, 1, 6, 5, 4]","[96, 96, 96, 96, 96, 96, 96, 96, 96, 96]","[5, 5, 6, 3, 5, 6, 6, 4, 4, 3]",10,14,23.13375473022461
975,"[1, 3, 1, 3, 4, 5]","[96, 96, 96, 96, 96, 96]","[4, 4, 4, 3, 6, 4]",6,15,8.94688606262207
976,"[5, 2, 2, 6, 5, 5]","[64, 64, 64, 64, 64, 64]","[3, 4, 4, 4, 4, 4]",6,16,4.611978530883789
977,"[2, 4, 5, 4, 5, 3, 2, 1]","[240, 240, 240, 240, 240, 240, 240, 240]","[6, 4, 5, 3, 6, 3, 3, 5]",8,17,99.64440155029297
978,"[5, 2, 6, 1, 1]","[32, 32, 32, 32, 32]","[3, 5, 6, 5, 3]",5,18,0.7427074313163757
979,"[1, 1, 3, 3]","[80, 80, 80, 80]","[5, 5, 3, 3]",4,19,2.9852116107940674
980,"[3, 5, 6, 5, 1, 4]","[192, 192, 192, 192, 192, 192]","[4, 3, 5, 3, 3, 4]",6,0,56.01449203491211
981,"[2, 1, 4, 1, 3, 1, 3, 6]","[48, 48, 48, 48, 48, 48, 48, 48]","[5, 3, 6, 3, 5, 6, 5, 6]",8,1,3.224581003189087
982,"[5, 5, 3, 3, 3, 3, 4, 5, 6, 2]","[64, 64, 64, 64, 64, 64, 64, 64, 64, 64]","[4, 6, 6, 6, 6, 6, 5, 3, 4, 4]",10,2,13.233515739440918
983,"[1, 5, 6, 4, 3, 5, 4, 2]","[64, 64, 64, 64, 64, 64, 64, 64]","[4, 5, 5, 5, 4, 6, 5, 5]",8,3,7.643487930297852
984,"[3, 1, 1, 2]","[240, 240, 240, 240]","[5, 4, 3, 3]",4,4,31.48016357421875
985,"[1, 6, 1, 1, 4]","[240, 240, 240, 240, 240]","[5, 3, 3, 5, 5]",5,5,43.432960510253906
986,"[1, 2, 5, 6, 4, 3, 1]","[144, 144, 144, 144, 144, 144, 144]","[5, 3, 6, 4, 4, 6, 5]",7,6,32.531524658203125
987,"[6, 4, 1, 4, 2, 3, 5, 6, 4]","[32, 32, 32, 32, 32, 32, 32, 32, 32]","[4, 5, 5, 3, 6, 4, 5, 3, 3]",9,7,2.221920967102051
988,"[3, 1, 3, 5, 4, 4, 1, 5, 5, 1]","[128, 128, 128, 128, 128, 128, 128, 128, 128, 128]","[3, 6, 3, 6, 4, 4, 3, 3, 6, 4]",10,8,40.8208122253418
989,"[3, 3, 6, 5, 1, 4]","[48, 48, 48, 48, 48, 48]","[4, 5, 3, 4, 4, 5]",6,9,2.156846284866333
990,"[6, 4, 1, 5, 6, 1, 6]","[160, 160, 160, 160, 160, 160, 160]","[5, 5, 3, 4, 4, 5, 4]",7,10,58.178863525390625
991,"[1, 6, 4, 5, 1, 6, 3, 6]","[144, 144, 144, 144, 144, 144, 144, 144]","[4, 4, 5, 5, 6, 5, 3, 4]",8,11,40.81137466430664
992,"[1, 6, 3, 6, 6]","[80, 80, 80, 80, 80]","[4, 4, 4, 3, 4]",5,12,5.398184299468994
993,"[1, 1, 6, 4, 4, 5, 6, 1]","[32, 32, 32, 32, 32, 32, 32, 32]","[3, 6, 6, 4, 4, 4, 6, 4]",8,13,1.8214869499206543
994,"[5, 4, 4, 4, 3, 6, 5, 4]","[96, 96, 96, 96, 96, 96, 96, 96]","[3, 4, 3, 5, 3, 3, 5, 5]",8,14,17.449600219726562
995,"[1, 6, 6, 3, 1]","[96, 96, 96, 96, 96]","[6, 4, 6, 4, 5]",5,15,6.464437007904053
996,"[5, 6, 5, 5, 5, 5, 2, 5, 2, 2]","[176, 176, 176, 176, 176, 176, 176, 176, 176, 176]","[3, 4, 4, 4, 6, 4, 5, 6, 6, 3]",10,16,74.93890380859375
997,"[5, 1, 5, 3]","[96, 96, 96, 96]","[5, 3, 4, 6]",4,17,5.749470233917236
998,"[4, 1, 1, 2, 1, 5, 2, 1, 1]","[240, 240, 240, 240, 240, 240, 240, 240, 240]","[3, 3, 3, 4, 3, 6, 3, 6, 5]",9,18,80.47423553466797
999,"[3, 2, 2, 3]","[80, 80, 80, 80]","[6, 3, 3, 5]",4,19,2.8763222694396973
1000,"[4, 5, 4, 3, 6, 6, 2, 1]","[96, 96, 96, 96, 96, 96, 96, 96]","[4, 3, 5, 5, 6, 6, 6, 4]",8,0,15.260644912719727
1001,"[5, 5, 3, 6, 5, 5, 1]","[192, 192, 192, 192, 192, 192, 192]","[4, 6, 6, 6, 5, 5, 5]",7,1,67.9900131225586
1002,"[1, 3, 2, 6, 3]","[192, 192, 192, 192, 192]","[5, 6, 5, 4, 4]",5,2,37.47383499145508
1003,"[4, 5, 3, 1, 1]","[48, 48, 48, 48, 48]","[3, 4, 5, 6, 4]",5,3,1.2904855012893677
1004,"[2, 5, 6, 2, 5, 2, 3]","[176, 176, 176, 176, 176, 176, 176]","[6, 6, 6, 4, 3, 3, 5]",7,4,53.79897689819336
1005,"[1, 6, 4, 4, 5, 3]","[48, 48, 48, 48, 48, 48]","[4, 6, 4, 4, 5, 4]",6,5,2.1941211223602295
1006,"[6, 3, 5, 5, 3, 4, 4, 5, 4, 3]","[128, 128, 128, 128, 128, 128, 128, 128, 128, 128]","[3, 3, 3, 6, 5, 4, 6, 6, 5, 4]",10,6,47.20848083496094
1007,"[5, 5, 2, 4]","[112, 112, 112, 112]","[3, 4, 3, 5]",4,7,8.11535930633545
1008,"[5, 6, 4, 3, 2, 4]","[80, 80, 80, 80, 80, 80]","[4, 3, 4, 4, 6, 4]",6,8,5.883486270904541
1009,"[5, 4, 1, 2, 2]","[160, 160, 160, 160, 160]","[6, 3, 4, 5, 5]",5,9,17.513296127319336
1010,"[6, 2, 6, 1]","[112, 112, 112, 112]","[4, 3, 3, 4]",4,10,7.880788803100586
1011,"[6, 4, 6, 4, 3, 2, 6]","[176, 176, 176, 176, 176, 176, 176]","[5, 6, 6, 6, 4, 5, 4]",7,11,62.67338562011719
1012,"[2, 3, 1, 4, 3]","[176, 176, 176, 176, 176]","[6, 6, 3, 6, 5]",5,12,27.446548461914062
1013,"[4, 1, 6, 1, 3]","[112, 112, 112, 112, 112]","[5, 4, 5, 6, 5]",5,13,9.107264518737793
1014,"[5, 4, 5, 4, 1, 2, 6, 2]","[240, 240, 240, 240, 240, 240, 240, 240]","[4, 3, 5, 4, 3, 6, 6, 3]",8,14,123.55797576904297
1015,"[2, 1, 4, 5, 1, 2]","[96, 96, 96, 96, 96, 96]","[6, 5, 4, 6, 5, 6]",6,15,7.516579627990723
1016,"[1, 1, 1, 3, 1, 2, 6, 6]","[128, 128, 128, 128, 128, 128, 128, 128]","[5, 3, 5, 3, 6, 6, 3, 3]",8,16,29.036121368408203
1017,"[3, 2, 6, 2, 3, 1, 1, 3]","[176, 176, 176, 176, 176, 176, 176, 176]","[6, 3, 5, 4, 5, 6, 3, 6]",8,17,43.39116668701172
1018,"[6, 2, 1, 6, 1, 4]","[64, 64, 64, 64, 64, 64]","[4, 5, 3, 5, 5, 6]",6,18,3.509406805038452
1019,"[3, 5, 6, 5]","[48, 48, 48, 48]","[4, 6, 5, 3]",4,19,1.7190847396850586
1020,"[2, 4, 5, 6, 4, 5, 1, 4]","[80, 80, 80, 80, 80, 80, 80, 80]","[5, 3, 5, 4, 5, 4, 6, 6]",8,0,9.17202091217041
1021,"[1, 4, 6, 3, 4, 2, 3, 3, 2, 1]","[176, 176, 176, 176, 176, 176, 176, 176, 176, 176]","[4, 4, 4, 5, 4, 5, 3, 6, 4, 5]",10,1,72.5221176147461
1022,"[6, 5, 5, 6]","[240, 240, 240, 240]","[4, 6, 4, 6]",4,2,72.2892837524414
1023,"[4, 2, 3, 3, 5, 3, 5, 4]","[144, 144, 144, 144, 144, 144, 144, 144]","[4, 6, 5, 3, 4, 4, 3, 6]",8,3,39.89402770996094
1024,"[1, 6, 5, 4, 6]","[144, 144, 144, 144, 144]","[3, 6, 5, 4, 3]",5,4,21.375537872314453
1025,"[4, 6, 3, 6, 3, 1]","[64, 64, 64, 64, 64, 64]","[3, 6, 6, 3, 3, 3]",6,5,3.7667555809020996
1026,"[6, 5, 1, 4, 3, 3, 2, 3, 4, 4]","[144, 144, 144, 144, 144, 144, 144, 144, 144, 144]","[6, 6, 5, 5, 5, 4, 6, 3, 6, 5]",10,6,51.67510223388672
1027,"[6, 1, 2, 6]","[176, 176, 176, 176]","[3, 5, 5, 4]",4,7,26.363128662109375
1028,"[6, 6, 6, 6, 4]","[64, 64, 64, 64, 64]","[3, 6, 3, 4, 5]",5,8,3.930262565612793
1029,"[1, 6, 1, 6, 4, 6, 5, 1, 3]","[80, 80, 80, 80, 80, 80, 80, 80, 80]","[3, 4, 3, 5, 6, 3, 3, 4, 3]",9,9,14.85381031036377
1030,"[1, 6, 3, 2, 3, 2]","[176, 176, 176, 176, 176, 176]","[3, 6, 6, 3, 3, 6]",6,10,32.78209686279297
1031,"[5, 1, 1, 5, 5, 5, 4, 6]","[128, 128, 128, 128, 128, 128, 128, 128]","[3, 5, 4, 6, 5, 3, 3, 4]",8,11,33.79172134399414
1032,"[2, 6, 4, 2, 6, 6, 5, 3]","[32, 32, 32, 32, 32, 32, 32, 32]","[5, 5, 3, 3, 3, 4, 3, 6]",8,12,1.7319778203964233
1033,"[1, 3, 3, 3, 4, 6]","[176, 176, 176, 176, 176, 176]","[3, 5, 5, 5, 5, 3]",6,13,42.06850051879883
1034,"[2, 6, 3, 3, 2]","[64, 64, 64, 64, 64]","[6, 5, 3, 6, 6]",5,14,2.6118171215057373
1035,"[5, 3, 5, 2, 6, 4, 4, 2, 6, 2]","[160, 160, 160, 160, 160, 160, 160, 160, 160, 160]","[5, 6, 5, 3, 4, 4, 5, 4, 3, 4]",10,15,64.93875885009766
1036,"[6, 6, 5, 5]","[176, 176, 176, 176]","[3, 3, 5, 6]",4,16,29.65196418762207
1037,"[5, 2, 6, 2]","[96, 96, 96, 96]","[6, 3, 5, 3]",4,17,5.756239891052246
1038,"[2, 5, 1, 6, 1, 6, 2, 1, 2, 4]","[176, 176, 176, 176, 176, 176, 176, 176, 176, 176]","[4, 4, 3, 4, 3, 3, 5, 5, 4, 4]",10,18,71.8438720703125
1039,"[2, 3, 1, 6]","[240, 240, 240, 240]","[3, 6, 3, 4]",4,19,51.45100784301758
1040,"[5, 5, 5, 1, 6]","[192, 192, 192, 192, 192]","[4, 4, 4, 5, 5]",5,0,39.371803283691406
1041,"[5, 2, 6, 6, 1, 3, 6, 4]","[64, 64, 64, 64, 64, 64, 64, 64]","[5, 5, 6, 6, 6, 6, 3, 3]",8,1,8.313889503479004
1042,"[1, 2, 1, 5, 6, 5, 1, 1]","[240, 240, 240, 240, 240, 240, 240, 240]","[6, 5, 3, 5, 6, 6, 6, 4]",8,2,93.2132339477539
1043,"[1, 6, 6, 4, 4, 2, 3, 4]","[176, 176, 176, 176, 176, 176, 176, 176]","[6, 5, 3, 6, 4, 3, 5, 4]",8,3,60.583892822265625
1044,"[4, 3, 3, 1, 3, 3, 2]","[64, 64, 64, 64, 64, 64, 64]","[6, 5, 5, 6, 6, 4, 6]",7,4,4.971611976623535
1045,"[3, 1, 4, 3, 2, 6, 5]","[144, 144, 144, 144, 144, 144, 144]","[3, 5, 4, 5, 4, 5, 4]",7,5,37.95528030395508
1046,"[6, 3, 1, 3, 3, 1, 1]","[32, 32, 32, 32, 32, 32, 32]","[3, 6, 5, 3, 6, 3, 3]",7,6,0.9229830503463745
1047,"[1, 6, 3, 3]","[80, 80, 80, 80]","[3, 5, 3, 5]",4,7,3.2441420555114746
1048,"[4, 2, 3, 5, 5, 6, 6, 6, 5]","[240, 240, 240, 240, 240, 240, 240, 240, 240]","[3, 5, 3, 5, 6, 3, 6, 4, 5]",9,8,148.80299377441406
1049,"[4, 6, 4, 3, 1]","[176, 176, 176, 176, 176]","[5, 6, 5, 6, 4]",5,9,27.793256759643555
1050,"[4, 3, 4, 3]","[32, 32, 32, 32]","[6, 5, 4, 6]",4,10,0.6973555088043213
1051,"[3, 2, 2, 6, 3, 2]","[240, 240, 240, 240, 240, 240]","[6, 5, 4, 3, 6, 6]",6,11,69.06793975830078
1052,"[4, 1, 6, 3, 5, 6, 5]","[240, 240, 240, 240, 240, 240, 240]","[4, 3, 3, 5, 4, 5, 4]",7,12,122.9328842163086
1053,"[5, 2, 5, 4, 5, 3, 2, 5, 5]","[112, 112, 112, 112, 112, 112, 112, 112, 112]","[3, 4, 6, 3, 3, 4, 3, 6, 3]",9,13,30.467567443847656
1054,"[4, 1, 3, 2, 2, 6, 5, 6, 1]","[176, 176, 176, 176, 176, 176, 176, 176, 176]","[6, 6, 4, 3, 4, 6, 4, 5, 3]",9,14,62.67792892456055
1055,"[3, 3, 3, 5, 5, 5, 2, 3, 4]","[160, 160, 160, 160, 160, 160, 160, 160, 160]","[4, 3, 3, 5, 4, 6, 6, 4, 3]",9,15,58.604183197021484
1056,"[6, 3, 2, 1, 4, 4, 4, 1, 1, 3]","[240, 240, 240, 240, 240, 240, 240, 240, 240, 240]","[4, 3, 4, 5, 4, 3, 5, 4, 6, 4]",10,16,116.37871551513672
1057,"[6, 6, 5, 1, 4]","[80, 80, 80, 80, 80]","[3, 5, 3, 5, 5]",5,17,4.3224639892578125
1058,"[4, 3, 6, 4, 4, 6, 4, 1, 6]","[144, 144, 144, 144, 144, 144, 144, 144, 144]","[3, 5, 3, 6, 4, 6, 4, 5, 5]",9,18,50.82709503173828
1059,"[2, 6, 5, 1, 1, 1, 3, 2, 1]","[112, 112, 112, 112, 112, 112, 112, 112, 112]","[4, 6, 6, 3, 3, 3, 5, 4, 4]",9,19,19.404333114624023
1060,"[6, 5, 6, 1, 1, 3, 6, 6, 5]","[32, 32, 32, 32, 32, 32, 32, 32, 32]","[5, 3, 3, 4, 4, 6, 4, 3, 5]",9,0,2.4937984943389893
1061,"[1, 4, 6, 5, 5, 1, 4]","[80, 80, 80, 80, 80, 80, 80]","[4, 4, 5, 3, 5, 3, 3]",7,1,9.535420417785645
1062,"[4, 3, 1, 2, 2, 3]","[160, 160, 160, 160, 160, 160]","[5, 5, 3, 5, 3, 6]",6,2,24.110994338989258
1063,"[3, 6, 1, 3, 6, 1, 3, 4, 1, 1]","[112, 112, 112, 112, 112, 112, 112, 112, 112, 112]","[6, 4, 3, 5, 6, 6, 5, 4, 3, 4]",10,3,28.561874389648438
1064,"[3, 2, 5, 3]","[176, 176, 176, 176]","[4, 3, 5, 4]",4,4,23.201494216918945
1065,"[4, 5, 5, 6, 6]","[128, 128, 128, 128, 128]","[4, 5, 6, 5, 6]",5,5,18.852861404418945
1066,"[2, 4, 5, 4, 2, 1, 1, 5, 5]","[112, 112, 112, 112, 112, 112, 112, 112, 112]","[4, 3, 6, 5, 4, 5, 6, 4, 3]",9,6,24.981142044067383
1067,"[2, 1, 5, 4, 5, 5]","[144, 144, 144, 144, 144, 144]","[3, 3, 4, 4, 3, 6]",6,7,28.060136795043945
1068,"[3, 1, 1, 4, 5, 1, 2, 1, 5]","[144, 144, 144, 144, 144, 144, 144, 144, 144]","[6, 5, 3, 6, 5, 5, 6, 5, 6]",9,8,40.39727020263672
1069,"[4, 2, 5, 3, 5]","[192, 192, 192, 192, 192]","[6, 6, 4, 3, 3]",5,9,41.41021728515625
1070,"[1, 5, 6, 2]","[128, 128, 128, 128]","[5, 3, 4, 4]",4,10,10.403031349182129
1071,"[6, 3, 2, 1]","[144, 144, 144, 144]","[3, 6, 3, 4]",4,11,10.102601051330566
1072,"[5, 3, 3, 4, 5, 6]","[176, 176, 176, 176, 176, 176]","[5, 4, 5, 4, 3, 5]",6,12,45.42683029174805
1073,"[3, 1, 6, 2, 4, 2, 3]","[128, 128, 128, 128, 128, 128, 128]","[4, 3, 4, 5, 3, 5, 6]",7,13,24.12417221069336
1074,"[5, 5, 6, 3, 6, 4, 2, 6, 4]","[96, 96, 96, 96, 96, 96, 96, 96, 96]","[5, 6, 4, 4, 4, 3, 3, 5, 4]",9,14,22.856266021728516
1075,"[5, 2, 3, 1, 4, 2, 2, 6]","[176, 176, 176, 176, 176, 176, 176, 176]","[6, 5, 6, 3, 6, 4, 4, 5]",8,15,49.188499450683594
1076,"[4, 5, 5, 4, 2, 3, 4]","[48, 48, 48, 48, 48, 48, 48]","[6, 5, 3, 6, 5, 5, 5]",7,16,3.4952192306518555
1077,"[2, 5, 3, 1]","[240, 240, 240, 240]","[5, 5, 4, 6]",4,17,35.362274169921875
1078,"[1, 4, 3, 2, 6]","[144, 144, 144, 144, 144]","[6, 4, 4, 5, 4]",5,18,16.186973571777344
1079,"[6, 1, 6, 3, 2]","[48, 48, 48, 48, 48]","[4, 6, 6, 3, 3]",5,19,1.7045140266418457
1080,"[2, 6, 1, 2, 4, 5, 5, 5, 4, 1]","[192, 192, 192, 192, 192, 192, 192, 192, 192, 192]","[3, 4, 4, 4, 5, 5, 4, 3, 4, 3]",10,0,91.57008361816406
1081,"[1, 2, 3, 6, 2, 3, 6, 4, 6, 2]","[192, 192, 192, 192, 192, 192, 192, 192, 192, 192]","[5, 5, 5, 5, 4, 3, 6, 3, 3, 5]",10,1,84.0899429321289
1082,"[1, 4, 1, 5, 5, 5, 3, 6]","[80, 80, 80, 80, 80, 80, 80, 80]","[4, 5, 4, 6, 4, 3, 4, 4]",8,2,10.458187103271484
1083,"[2, 3, 5, 1, 1, 2, 5]","[48, 48, 48, 48, 48, 48, 48]","[3, 5, 6, 5, 3, 6, 6]",7,3,3.3593127727508545
1084,"[5, 1, 1, 5]","[144, 144, 144, 144]","[3, 6, 4, 5]",4,4,14.09683609008789
1085,"[1, 2, 1, 4, 4]","[96, 96, 96, 96, 96]","[6, 6, 3, 6, 5]",5,5,5.8335676193237305
1086,"[2, 6, 2, 3]","[48, 48, 48, 48]","[5, 6, 5, 6]",4,6,1.256834626197815
1087,"[3, 1, 3, 1, 5, 2, 3]","[32, 32, 32, 32, 32, 32, 32]","[3, 6, 6, 4, 5, 5, 5]",7,7,1.1887321472167969
1088,"[6, 3, 1, 4]","[112, 112, 112, 112]","[6, 3, 3, 3]",4,8,7.296414375305176
1089,"[5, 1, 6, 1, 4, 3, 3, 6, 2]","[192, 192, 192, 192, 192, 192, 192, 192, 192]","[3, 6, 5, 3, 5, 3, 3, 6, 3]",9,9,77.23217010498047
1090,"[5, 2, 5, 5, 2, 4, 4, 2, 5, 6]","[160, 160, 160, 160, 160, 160, 160, 160, 160, 160]","[3, 6, 5, 5, 6, 6, 5, 6, 5, 6]",10,10,66.8374252319336
1091,"[1, 3, 6, 5, 3, 4, 1, 5, 6]","[240, 240, 240, 240, 240, 240, 240, 240, 240]","[4, 6, 3, 4, 6, 5, 6, 5, 3]",9,11,125.5489730834961
1092,"[2, 4, 1, 5, 3, 2, 3, 2, 1, 5]","[32, 32, 32, 32, 32, 32, 32, 32, 32, 32]","[3, 3, 5, 3, 4, 3, 5, 6, 4, 6]",10,12,2.493018865585327
1093,"[1, 3, 1, 4]","[240, 240, 240, 240]","[3, 6, 4, 4]",4,13,41.68450164794922
1094,"[2, 1, 1, 1]","[128, 128, 128, 128]","[5, 5, 5, 3]",4,14,5.203494071960449
1095,"[1, 6, 6, 2, 4]","[128, 128, 128, 128, 128]","[5, 5, 5, 4, 4]",5,15,13.566801071166992
1096,"[5, 5, 6, 5]","[112, 112, 112, 112]","[5, 6, 3, 6]",4,16,10.737066268920898
1097,"[2, 5, 3, 2, 1, 2, 1, 1, 2, 3]","[176, 176, 176, 176, 176, 176, 176, 176, 176, 176]","[4, 4, 6, 4, 5, 4, 5, 4, 3, 5]",10,17,56.291011810302734
1098,"[3, 2, 5, 3, 2, 6, 3, 4]","[32, 32, 32, 32, 32, 32, 32, 32]","[4, 3, 6, 5, 3, 4, 6, 4]",8,18,1.4474436044692993
1099,"[2, 6, 1, 2, 4, 2, 1, 5, 5]","[192, 192, 192, 192, 192, 192, 192, 192, 192]","[5, 5, 3, 4, 5, 3, 6, 5, 4]",9,19,77.92687225341797
1100,"[6, 1, 5, 6, 4, 1]","[240, 240, 240, 240, 240, 240]","[5, 5, 4, 4, 3, 4]",6,0,82.14909362792969
1101,"[3, 2, 2, 4, 5, 4]","[112, 112, 112, 112, 112, 112]","[3, 6, 4, 5, 6, 4]",6,1,14.972749710083008
1102,"[6, 5, 2, 1, 4, 3, 6]","[160, 160, 160, 160, 160, 160, 160]","[5, 6, 3, 5, 5, 6, 5]",7,2,45.173770904541016
1103,"[3, 3, 3, 2, 3, 1, 4, 4, 6]","[32, 32, 32, 32, 32, 32, 32, 32, 32]","[5, 4, 4, 5, 6, 6, 5, 4, 3]",9,3,2.160646677017212
1104,"[4, 4, 6, 4, 1]","[64, 64, 64, 64, 64]","[3, 4, 5, 5, 3]",5,4,3.0658066272735596
1105,"[5, 1, 4, 4]","[160, 160, 160, 160]","[4, 3, 3, 5]",4,5,20.225236892700195
1106,"[1, 1, 1, 2, 1, 5, 1, 5, 4, 4]","[144, 144, 144, 144, 144, 144, 144, 144, 144, 144]","[4, 4, 6, 5, 3, 4, 5, 3, 3, 3]",10,6,52.174346923828125
1107,"[6, 5, 3, 4, 5, 3, 1, 6, 5, 5]","[48, 48, 48, 48, 48, 48, 48, 48, 48, 48]","[5, 6, 5, 4, 6, 6, 3, 3, 4, 3]",10,7,6.395140171051025
1108,"[5, 5, 5, 2]","[240, 240, 240, 240]","[4, 5, 3, 3]",4,8,52.54180145263672
1109,"[1, 3, 4, 2, 5]","[32, 32, 32, 32, 32]","[5, 6, 6, 5, 5]",5,9,0.7455931305885315
1110,"[6, 6, 1, 1]","[64, 64, 64, 64]","[3, 4, 3, 4]",4,10,1.752375602722168
1111,"[2, 5, 6, 4, 4, 4, 2, 2, 3]","[160, 160, 160, 160, 160, 160, 160, 160, 160]","[3, 3, 3, 4, 3, 6, 5, 5, 3]",9,11,53.34468078613281
1112,"[4, 2, 5, 5, 6, 5, 4, 3]","[112, 112, 112, 112, 112, 112, 112, 112]","[4, 4, 3, 3, 6, 6, 4, 6]",8,12,23.715442657470703
1113,"[2, 5, 6, 2, 1, 6, 1, 4, 3, 3]","[128, 128, 128, 128, 128, 128, 128, 128, 128, 128]","[6, 4, 4, 5, 6, 3, 6, 3, 3, 4]",10,13,37.525550842285156
1114,"[2, 4, 2, 2, 6, 5, 1]","[192, 192, 192, 192, 192, 192, 192]","[4, 6, 5, 3, 3, 6, 6]",7,14,59.592098236083984
1115,"[5, 1, 1, 6, 4, 2, 2, 2, 4]","[160, 160, 160, 160, 160, 160, 160, 160, 160]","[6, 4, 4, 6, 5, 5, 4, 6, 4]",9,15,54.69136047363281
1116,"[2, 6, 5, 2, 1, 5, 2, 1, 4, 4]","[48, 48, 48, 48, 48, 48, 48, 48, 48, 48]","[5, 4, 4, 5, 6, 3, 5, 6, 6, 3]",10,16,5.836812496185303
1117,"[1, 1, 5, 3, 5, 3, 1, 4, 6, 5]","[32, 32, 32, 32, 32, 32, 32, 32, 32, 32]","[4, 4, 3, 3, 4, 3, 6, 6, 4, 4]",10,17,2.8719663619995117
1118,"[6, 1, 3, 2, 4]","[240, 240, 240, 240, 240]","[5, 3, 3, 3, 3]",5,18,51.99567794799805
1119,"[4, 5, 5, 5]","[64, 64, 64, 64]","[3, 5, 5, 4]",4,19,2.8843448162078857
1120,"[3, 2, 1, 2, 2, 2, 3, 3]","[176, 176, 176, 176, 176, 176, 176, 176]","[5, 3, 6, 3, 3, 5, 4, 6]",8,0,45.790733337402344
1121,"[2, 3, 3, 6, 2]","[176, 176, 176, 176, 176]","[5, 5, 4, 5, 5]",5,1,32.676578521728516
1122,"[1, 4, 1, 2, 6, 4, 2, 6, 2]","[64, 64, 64, 64, 64, 64, 64, 64, 64]","[5, 6, 4, 3, 6, 6, 5, 4, 5]",9,2,7.656529426574707
1123,"[6, 6, 5, 3, 4, 1]","[32, 32, 32, 32, 32, 32]","[4, 5, 5, 4, 6, 3]",6,3,0.9305375814437866
1124,"[3, 4, 4, 6, 2, 1]","[48, 48, 48, 48, 48, 48]","[3, 4, 3, 3, 6, 6]",6,4,1.948946475982666
1125,"[6, 1, 3, 2, 3, 5, 1, 1, 3]","[144, 144, 144, 144, 144, 144, 144, 144, 144]","[3, 4, 4, 6, 4, 4, 5, 3, 5]",9,5,37.74104309082031
1126,"[2, 4, 2, 6, 6, 5, 4, 2, 5]","[240, 240, 240, 240, 240, 240, 240, 240, 240]","[4, 3, 3, 3, 4, 3, 4, 6, 5]",9,6,136.31968688964844
1127,"[2, 5, 6, 2, 3, 3, 4]","[192, 192, 192, 192, 192, 192, 192]","[6, 3, 3, 4, 6, 3, 4]",7,7,68.06572723388672
1128,"[1, 2, 3, 2, 6, 5, 1, 4]","[176, 176, 176, 176, 176, 176, 176, 176]","[6, 6, 4, 3, 6, 4, 4, 3]",8,8,54.348480224609375
1129,"[6, 4, 1, 6, 4, 1]","[32, 32, 32, 32, 32, 32]","[6, 3, 6, 3, 6, 3]",6,9,0.8664644956588745
1130,"[1, 4, 4, 4, 6, 6]","[240, 240, 240, 240, 240, 240]","[6, 3, 3, 4, 6, 3]",6,10,89.22811889648438
1131,"[5, 4, 1, 4]","[80, 80, 80, 80]","[5, 3, 6, 5]",4,11,3.149472951889038
1132,"[2, 3, 5, 1, 5]","[32, 32, 32, 32, 32]","[3, 3, 3, 5, 3]",5,12,0.7746938467025757
1133,"[4, 4, 4, 4, 5, 3, 6]","[144, 144, 144, 144, 144, 144, 144]","[5, 4, 5, 5, 4, 5, 4]",7,13,40.92234420776367
1134,"[1, 1, 2, 6, 2, 6]","[96, 96, 96, 96, 96, 96]","[3, 3, 5, 3, 6, 5]",6,14,9.900071144104004
1135,"[4, 3, 2, 1, 5, 2, 2, 5, 1, 5]","[32, 32, 32, 32, 32, 32, 32, 32, 32, 32]","[6, 4, 6, 5, 6, 6, 3, 3, 5, 6]",10,15,2.2668533325195312
1136,"[2, 6, 1, 3, 3]","[96, 96, 96, 96, 96]","[5, 4, 4, 4, 6]",5,16,5.504836559295654
1137,"[3, 1, 5, 5, 2, 1, 5, 4, 2]","[48, 48, 48, 48, 48, 48, 48, 48, 48]","[4, 4, 6, 6, 6, 4, 4, 5, 6]",9,17,4.629311561584473
1138,"[6, 2, 1, 1, 2]","[144, 144, 144, 144, 144]","[6, 6, 5, 6, 6]",5,18,12.427140235900879
1139,"[2, 1, 1, 3, 4, 2, 4, 4, 2]","[160, 160, 160, 160, 160, 160, 160, 160, 160]","[6, 5, 6, 4, 3, 6, 6, 6, 5]",9,19,50.90777587890625
1140,"[1, 4, 5, 1, 1, 4, 2, 1, 1]","[144, 144, 144, 144, 144, 144, 144, 144, 144]","[6, 3, 4, 4, 4, 5, 6, 6, 6]",9,0,32.32665252685547
1141,"[3, 5, 6, 3, 1, 6]","[64, 64, 64, 64, 64, 64]","[4, 3, 4, 6, 6, 6]",6,1,4.293564319610596
1142,"[1, 2, 3, 5]","[96, 96, 96, 96]","[5, 3, 4, 4]",4,2,5.400837421417236
1143,"[3, 3, 3, 3]","[80, 80, 80, 80]","[4, 3, 6, 3]",4,3,3.28110933303833
1144,"[3, 1, 4, 3, 4]","[112, 112, 112, 112, 112]","[3, 5, 4, 3, 3]",5,4,9.554491996765137
1145,"[4, 6, 4, 3, 4, 2]","[112, 112, 112, 112, 112, 112]","[6, 4, 3, 4, 3, 3]",6,5,12.92807388305664
1146,"[2, 2, 6, 5, 6, 2, 3, 2]","[128, 128, 128, 128, 128, 128, 128, 128]","[5, 3, 4, 3, 6, 6, 3, 3]",8,6,27.820791244506836
1147,"[1, 6, 4, 2, 6]","[192, 192, 192, 192, 192]","[5, 6, 6, 5, 6]",5,7,37.98924255371094
1148,"[4, 3, 6, 6, 2]","[192, 192, 192, 192, 192]","[3, 5, 3, 4, 3]",5,8,45.451942443847656
1149,"[1, 6, 3, 1, 1, 1, 5, 4]","[240, 240, 240, 240, 240, 240, 240, 240]","[4, 5, 4, 4, 6, 3, 5, 5]",8,9,99.41155242919922
1150,"[5, 3, 5, 2, 1, 5, 5, 6, 5, 1]","[176, 176, 176, 176, 176, 176, 176, 176, 176, 176]","[6, 6, 6, 4, 3, 3, 3, 6, 4, 6]",10,10,85.1854476928711
1151,"[3, 5, 1, 4, 2, 6, 1]","[160, 160, 160, 160, 160, 160, 160]","[4, 6, 5, 5, 5, 3, 6]",7,11,36.750587463378906
1152,"[4, 4, 3, 3, 3, 3, 1, 3, 3, 4]","[32, 32, 32, 32, 32, 32, 32, 32, 32, 32]","[5, 5, 4, 6, 4, 3, 5, 3, 4, 6]",10,12,2.057243824005127
1153,"[4, 3, 3, 5, 3]","[144, 144, 144, 144, 144]","[6, 3, 3, 5, 6]",5,13,19.758747100830078
1154,"[4, 3, 5, 2, 5, 5]","[48, 48, 48, 48, 48, 48]","[4, 4, 5, 3, 4, 3]",6,14,2.3147199153900146
1155,"[6, 1, 4, 3, 6, 4, 4, 5]","[64, 64, 64, 64, 64, 64, 64, 64]","[6, 4, 4, 4, 5, 5, 3, 6]",8,15,8.066505432128906
1156,"[3, 6, 4, 1, 2, 4]","[176, 176, 176, 176, 176, 176]","[6, 3, 6, 4, 6, 3]",6,16,35.679847717285156
1157,"[1, 5, 3, 3, 4, 5, 3, 5, 5, 6]","[144, 144, 144, 144, 144, 144, 144, 144, 144, 144]","[5, 4, 5, 6, 4, 5, 4, 4, 5, 6]",10,17,53.90486526489258
1158,"[5, 1, 3, 5, 2, 6, 1]","[176, 176, 176, 176, 176, 176, 176]","[4, 3, 3, 5, 6, 3, 3]",7,18,49.711822509765625
1159,"[4, 6, 5, 2, 4]","[240, 240, 240, 240, 240]","[5, 3, 5, 5, 5]",5,19,60.317115783691406
1160,"[1, 3, 4, 4, 3, 4, 6, 5, 1]","[80, 80, 80, 80, 80, 80, 80, 80, 80]","[5, 5, 3, 5, 3, 4, 3, 4, 4]",9,0,13.215716361999512
1161,"[3, 4, 1, 4, 1, 3]","[32, 32, 32, 32, 32, 32]","[6, 4, 3, 4, 5, 5]",6,1,0.7802528738975525
1162,"[5, 5, 1, 5]","[176, 176, 176, 176]","[3, 4, 4, 3]",4,2,24.79866600036621
1163,"[6, 2, 5, 4, 6]","[192, 192, 192, 192, 192]","[6, 4, 4, 5, 5]",5,3,47.1187629699707
1164,"[5, 4, 5, 1, 1, 3]","[112, 112, 112, 112, 112, 112]","[5, 4, 4, 6, 4, 4]",6,4,11.551959037780762
1165,"[1, 5, 3, 3, 4, 3, 6]","[48, 48, 48, 48, 48, 48, 48]","[4, 5, 6, 3, 3, 3, 6]",7,5,3.683424949645996
1166,"[1, 6, 5, 4, 5, 3, 1]","[64, 64, 64, 64, 64, 64, 64]","[4, 5, 6, 4, 5, 6, 3]",7,6,5.0050530433654785
1167,"[2, 6, 3, 2, 6, 3, 4, 4, 3, 5]","[160, 160, 160, 160, 160, 160, 160, 160, 160, 160]","[3, 3, 4, 3, 3, 3, 6, 3, 3, 3]",10,7,62.611793518066406
1168,"[3, 2, 5, 3, 3, 3, 3, 2, 2, 3]","[48, 48, 48, 48, 48, 48, 48, 48, 48, 48]","[5, 5, 3, 6, 4, 5, 5, 5, 5, 6]",10,8,5.360471248626709
1169,"[6, 3, 5, 6]","[48, 48, 48, 48]","[4, 6, 6, 3]",4,9,1.7732229232788086
1170,"[3, 5, 5, 6, 3, 5]","[32, 32, 32, 32, 32, 32]","[5, 3, 4, 4, 4, 4]",6,10,1.0532805919647217
1171,"[3, 1, 3, 4, 3, 6, 5, 6, 2, 6]","[240, 240, 240, 240, 240, 240, 240, 240, 240, 240]","[4, 5, 4, 4, 4, 4, 3, 4, 4, 6]",10,11,171.60435485839844
1172,"[2, 1, 6, 4, 6, 5, 2, 5, 2, 6]","[160, 160, 160, 160, 160, 160, 160, 160, 160, 160]","[6, 4, 4, 6, 4, 6, 5, 4, 4, 4]",10,12,73.69082641601562
1173,"[1, 3, 3, 4, 3]","[48, 48, 48, 48, 48]","[5, 3, 3, 3, 4]",5,13,1.5327341556549072
1174,"[3, 5, 5, 4]","[128, 128, 128, 128]","[5, 5, 4, 3]",4,14,12.559446334838867
1175,"[2, 5, 2, 4, 2, 6]","[64, 64, 64, 64, 64, 64]","[3, 4, 4, 3, 4, 5]",6,15,4.100720405578613
1176,"[2, 5, 4, 2, 5, 6]","[128, 128, 128, 128, 128, 128]","[4, 5, 3, 5, 5, 4]",6,16,20.53058624267578
1177,"[3, 3, 1, 1, 3]","[32, 32, 32, 32, 32]","[3, 5, 3, 3, 6]",5,17,0.6372016668319702
1178,"[1, 3, 6, 5, 3, 2, 3]","[160, 160, 160, 160, 160, 160, 160]","[4, 3, 6, 6, 3, 4, 5]",7,18,44.86027908325195
1179,"[3, 2, 1, 5, 6, 5, 2, 5, 2, 4]","[160, 160, 160, 160, 160, 160, 160, 160, 160, 160]","[4, 3, 6, 3, 3, 3, 4, 5, 4, 5]",10,19,61.901981353759766
1180,"[6, 6, 2, 4, 2, 2, 6, 2]","[48, 48, 48, 48, 48, 48, 48, 48]","[5, 6, 3, 6, 3, 4, 6, 6]",8,0,3.730942726135254
1181,"[5, 3, 1, 1]","[112, 112, 112, 112]","[6, 4, 3, 6]",4,1,5.009120464324951
1182,"[3, 2, 4, 4, 1, 1, 2]","[144, 144, 144, 144, 144, 144, 144]","[5, 4, 4, 6, 3, 5, 3]",7,2,27.481565475463867
1183,"[5, 4, 6, 4, 2, 6, 4]","[32, 32, 32, 32, 32, 32, 32]","[4, 4, 3, 5, 3, 4, 5]",7,3,1.5686687231063843
1184,"[2, 6, 1, 4]","[96, 96, 96, 96]","[4, 5, 6, 6]",4,4,4.518031597137451
1185,"[2, 4, 1, 6, 3, 1, 4, 6]","[240, 240, 240, 240, 240, 240, 240, 240]","[6, 3, 5, 3, 4, 4, 6, 5]",8,5,111.69686126708984
1186,"[6, 5, 5, 4, 1, 1, 2, 6]","[96, 96, 96, 96, 96, 96, 96, 96]","[4, 6, 4, 4, 6, 3, 6, 6]",8,6,14.162541389465332
1187,"[1, 4, 6, 3, 1]","[144, 144, 144, 144, 144]","[4, 4, 4, 3, 6]",5,7,16.10611343383789
1188,"[3, 1, 6, 6, 5, 5]","[80, 80, 80, 80, 80, 80]","[6, 4, 3, 3, 4, 6]",6,8,7.472604751586914
1189,"[5, 1, 1, 1, 3]","[48, 48, 48, 48, 48]","[3, 6, 6, 5, 4]",5,9,1.2141103744506836
1190,"[4, 4, 3, 6, 5, 1, 1, 2, 2, 5]","[96, 96, 96, 96, 96, 96, 96, 96, 96, 96]","[5, 3, 5, 6, 4, 3, 4, 4, 6, 4]",10,10,18.07596206665039
1191,"[6, 1, 1, 1]","[176, 176, 176, 176]","[4, 4, 6, 4]",4,11,13.738898277282715
1192,"[1, 1, 1, 5, 3, 4, 6, 2, 1]","[32, 32, 32, 32, 32, 32, 32, 32, 32]","[4, 5, 5, 6, 6, 3, 3, 4, 6]",9,12,1.8568516969680786
1193,"[4, 4, 1, 3, 2]","[48, 48, 48, 48, 48]","[3, 5, 4, 5, 5]",5,13,1.30375337600708
1194,"[1, 3, 5, 5, 6]","[64, 64, 64, 64, 64]","[3, 6, 5, 4, 3]",5,14,3.5900843143463135
1195,"[2, 5, 6, 3, 2, 3, 6]","[48, 48, 48, 48, 48, 48, 48]","[6, 6, 3, 4, 5, 3, 4]",7,15,3.855342388153076
1196,"[6, 1, 3, 2, 6, 3, 6]","[32, 32, 32, 32, 32, 32, 32]","[4, 3, 6, 5, 6, 5, 5]",7,16,1.670621633529663
1197,"[5, 1, 5, 2, 3, 6, 3, 3, 3]","[112, 112, 112, 112, 112, 112, 112, 112, 112]","[3, 4, 3, 5, 4, 3, 5, 3, 6]",9,17,27.732940673828125
1198,"[4, 2, 6, 1, 2, 1, 6, 5, 6]","[64, 64, 64, 64, 64, 64, 64, 64, 64]","[5, 4, 4, 6, 4, 3, 6, 5, 6]",9,18,11.576945304870605
1199,"[4, 1, 1, 4, 1, 2, 2]","[96, 96, 96, 96, 96, 96, 96]","[6, 6, 4, 6, 4, 6, 4]",7,19,9.822657585144043
1200,"[6, 3, 2, 1, 4, 6, 2, 2]","[240, 240, 240, 240, 240, 240, 240, 240]","[5, 3, 5, 3, 5, 3, 6, 6]",8,0,89.06062316894531
1201,"[5, 5, 4, 4, 2, 1]","[240, 240, 240, 240, 240, 240]","[4, 6, 4, 5, 3, 3]",6,1,70.44528198242188
1202,"[3, 2, 5, 3, 2, 2]","[96, 96, 96, 96, 96, 96]","[5, 5, 6, 5, 6, 6]",6,2,7.676303863525391
1203,"[5, 3, 1, 5, 1]","[48, 48, 48, 48, 48]","[3, 5, 4, 6, 6]",5,3,1.3766473531723022
1204,"[6, 5, 5, 2]","[192, 192, 192, 192]","[5, 3, 4, 5]",4,4,31.172399520874023
1205,"[4, 3, 1, 6]","[160, 160, 160, 160]","[3, 4, 6, 4]",4,5,20.476511001586914
1206,"[6, 1, 4, 6, 4]","[176, 176, 176, 176, 176]","[4, 3, 4, 6, 5]",5,6,34.95704650878906
1207,"[6, 6, 5, 5, 4, 1]","[112, 112, 112, 112, 112, 112]","[6, 3, 4, 3, 3, 3]",6,7,14.418346405029297
1208,"[5, 2, 1, 4, 1, 6, 4]","[144, 144, 144, 144, 144, 144, 144]","[5, 6, 5, 3, 6, 5, 5]",7,8,36.86796951293945
1209,"[6, 3, 5, 4, 5, 6, 3, 2]","[160, 160, 160, 160, 160, 160, 160, 160]","[6, 5, 5, 3, 5, 4, 4, 6]",8,9,52.351776123046875
1210,"[1, 5, 3, 2, 5, 1, 3, 1]","[144, 144, 144, 144, 144, 144, 144, 144]","[6, 5, 4, 4, 5, 5, 6, 4]",8,10,29.968730926513672
1211,"[4, 5, 3, 6]","[96, 96, 96, 96]","[5, 4, 4, 5]",4,11,6.622020721435547
1212,"[2, 1, 5, 3, 1, 4, 5, 3, 2, 1]","[240, 240, 240, 240, 240, 240, 240, 240, 240, 240]","[4, 3, 3, 3, 5, 6, 5, 4, 3, 5]",10,12,125.17754364013672
1213,"[6, 6, 1, 4, 2, 6, 6]","[112, 112, 112, 112, 112, 112, 112]","[6, 6, 6, 5, 6, 4, 4]",7,13,25.915729522705078
1214,"[1, 6, 2, 1, 2, 6, 1]","[80, 80, 80, 80, 80, 80, 80]","[4, 4, 4, 3, 4, 6, 4]",7,14,6.860690593719482
1215,"[6, 5, 1, 2, 6, 1, 2, 1]","[160, 160, 160, 160, 160, 160, 160, 160]","[6, 3, 3, 5, 4, 5, 5, 6]",8,15,37.38606643676758
1216,"[1, 6, 6, 4, 6, 6, 1, 3, 6]","[144, 144, 144, 144, 144, 144, 144, 144, 144]","[3, 5, 5, 6, 6, 5, 4, 5, 3]",9,16,49.24193572998047
1217,"[1, 2, 1, 1, 4, 5, 6, 3]","[240, 240, 240, 240, 240, 240, 240, 240]","[6, 6, 6, 4, 4, 6, 6, 5]",8,17,101.59322357177734
1218,"[6, 5, 3, 2, 2, 4, 2, 1, 2]","[160, 160, 160, 160, 160, 160, 160, 160, 160]","[5, 4, 6, 6, 4, 3, 5, 4, 6]",9,18,43.874267578125
1219,"[2, 3, 3, 3, 2, 3, 1, 1, 5]","[64, 64, 64, 64, 64, 64, 64, 64, 64]","[4, 3, 4, 5, 5, 5, 3, 6, 3]",9,19,7.750157356262207
1220,"[5, 4, 3, 6, 5, 6, 2, 4]","[96, 96, 96, 96, 96, 96, 96, 96]","[4, 6, 6, 5, 6, 5, 4, 3]",8,0,16.533241271972656
1221,"[2, 6, 1, 2, 1, 2]","[192, 192, 192, 192, 192, 192]","[3, 3, 5, 6, 3, 6]",6,1,34.86278533935547
1222,"[1, 4, 1, 3]","[96, 96, 96, 96]","[6, 6, 4, 3]",4,2,3.8067626953125
1223,"[6, 4, 4, 5, 6]","[160, 160, 160, 160, 160]","[3, 3, 6, 6, 5]",5,3,30.54092025756836
1224,"[2, 5, 3, 5, 1, 6, 4, 2, 3]","[192, 192, 192, 192, 192, 192, 192, 192, 192]","[3, 3, 6, 3, 5, 5, 3, 5, 4]",9,4,83.07960510253906
1225,"[3, 6, 6, 6, 2, 1]","[112, 112, 112, 112, 112, 112]","[3, 4, 5, 4, 3, 6]",6,5,14.157468795776367
1226,"[3, 4, 3, 6, 6, 1, 1, 3]","[176, 176, 176, 176, 176, 176, 176, 176]","[4, 6, 5, 4, 5, 5, 6, 3]",8,6,54.38727569580078
1227,"[3, 1, 6, 3]","[144, 144, 144, 144]","[5, 4, 3, 3]",4,7,14.467398643493652
1228,"[4, 5, 5, 3, 2, 4]","[80, 80, 80, 80, 80, 80]","[4, 3, 4, 4, 3, 5]",6,8,5.788786888122559
1229,"[6, 6, 4, 3, 5, 5]","[80, 80, 80, 80, 80, 80]","[4, 4, 4, 5, 4, 3]",6,9,7.095852375030518
1230,"[3, 4, 5, 1, 2, 6, 2, 3, 5]","[32, 32, 32, 32, 32, 32, 32, 32, 32]","[5, 5, 6, 4, 5, 5, 5, 3, 6]",9,10,1.9333784580230713
1231,"[5, 6, 4, 6]","[176, 176, 176, 176]","[6, 3, 3, 6]",4,11,31.31308937072754
1232,"[3, 2, 2, 4, 2, 6, 1, 5]","[160, 160, 160, 160, 160, 160, 160, 160]","[5, 4, 5, 4, 3, 4, 3, 3]",8,12,42.66785430908203
1233,"[1, 4, 6, 6, 1, 4, 1, 3, 4]","[48, 48, 48, 48, 48, 48, 48, 48, 48]","[6, 6, 5, 6, 6, 4, 4, 4, 4]",9,13,4.287814140319824
1234,"[1, 5, 5, 1, 4, 6, 6, 6]","[64, 64, 64, 64, 64, 64, 64, 64]","[3, 6, 5, 6, 4, 5, 6, 4]",8,14,8.929981231689453
1235,"[3, 3, 1, 5, 4, 6, 2]","[176, 176, 176, 176, 176, 176, 176]","[5, 6, 4, 6, 5, 4, 4]",7,15,51.99560546875
1236,"[3, 5, 6, 2, 4, 6, 4, 1, 1, 1]","[80, 80, 80, 80, 80, 80, 80, 80, 80, 80]","[3, 4, 6, 5, 3, 4, 5, 3, 3, 6]",10,16,15.14126968383789
1237,"[2, 1, 2, 5]","[176, 176, 176, 176]","[3, 4, 3, 5]",4,17,22.640697479248047
1238,"[6, 6, 3, 1, 2, 3, 5, 2, 3, 6]","[176, 176, 176, 176, 176, 176, 176, 176, 176, 176]","[5, 5, 4, 3, 4, 5, 3, 4, 5, 5]",10,18,73.31182861328125
1239,"[3, 6, 4, 6, 4, 2, 5, 1, 1]","[176, 176, 176, 176, 176, 176, 176, 176, 176]","[4, 4, 5, 4, 3, 4, 5, 4, 6]",9,19,64.70137786865234
1240,"[6, 6, 4, 4, 2, 4, 3, 1]","[144, 144, 144, 144, 144, 144, 144, 144]","[3, 3, 6, 4, 6, 3, 3, 4]",8,0,37.8812141418457
1241,"[4, 6, 2, 6, 5, 4, 1, 2, 2]","[176, 176, 176, 176, 176, 176, 176, 176, 176]","[4, 5, 4, 3, 5, 3, 5, 4, 5]",9,1,60.14778518676758
1242,"[5, 6, 2, 4, 6, 3]","[160, 160, 160, 160, 160, 160]","[6, 3, 6, 3, 5, 6]",6,2,33.14696502685547
1243,"[4, 6, 4, 4, 6]","[32, 32, 32, 32, 32]","[3, 3, 5, 3, 5]",5,3,0.886412501335144
1244,"[1, 5, 5, 5, 1, 4, 5]","[96, 96, 96, 96, 96, 96, 96]","[4, 4, 4, 6, 5, 5, 6]",7,4,15.90074634552002
1245,"[6, 4, 2, 5, 3, 5, 3]","[48, 48, 48, 48, 48, 48, 48]","[5, 5, 6, 5, 4, 4, 3]",7,5,3.215988874435425
1246,"[1, 6, 5, 5, 3, 6, 4]","[80, 80, 80, 80, 80, 80, 80]","[6, 6, 3, 4, 5, 5, 4]",7,6,10.74662971496582
1247,"[5, 4, 1, 3, 1]","[96, 96, 96, 96, 96]","[6, 6, 6, 3, 6]",5,7,4.964197158813477
1248,"[3, 5, 1, 4]","[144, 144, 144, 144]","[5, 5, 3, 3]",4,8,12.965546607971191
1249,"[6, 2, 3, 6, 4, 5, 3, 2, 6, 4]","[32, 32, 32, 32, 32, 32, 32, 32, 32, 32]","[6, 3, 4, 5, 4, 5, 6, 3, 4, 6]",10,9,2.867445707321167
1250,"[6, 4, 6, 2, 2]","[144, 144, 144, 144, 144]","[3, 6, 5, 6, 4]",5,10,17.45515251159668
1251,"[4, 3, 6, 6]","[64, 64, 64, 64]","[6, 4, 5, 4]",4,11,3.1140494346618652
1252,"[1, 5, 6, 5, 2, 5, 4]","[64, 64, 64, 64, 64, 64, 64]","[5, 4, 3, 5, 5, 6, 4]",7,12,7.205584526062012
1253,"[5, 3, 1, 4, 5, 3, 2, 6, 3]","[64, 64, 64, 64, 64, 64, 64, 64, 64]","[3, 6, 3, 3, 5, 6, 4, 5, 5]",9,13,8.202123641967773
1254,"[1, 3, 4, 5, 4, 2, 3, 1]","[32, 32, 32, 32, 32, 32, 32, 32]","[5, 3, 6, 4, 4, 5, 5, 3]",8,14,1.3128864765167236
1255,"[4, 5, 1, 1, 2, 6]","[144, 144, 144, 144, 144, 144]","[6, 4, 3, 4, 5, 4]",6,15,21.165678024291992
1256,"[2, 1, 6, 6, 3]","[176, 176, 176, 176, 176]","[3, 3, 6, 5, 5]",5,16,35.0405158996582
1257,"[5, 3, 3, 6, 2, 2, 6]","[80, 80, 80, 80, 80, 80, 80]","[5, 5, 6, 6, 4, 6, 6]",7,17,11.385566711425781
1258,"[2, 4, 3, 2, 3, 6, 3, 1, 6, 3]","[128, 128, 128, 128, 128, 128, 128, 128, 128, 128]","[6, 4, 3, 6, 4, 6, 4, 6, 3, 4]",10,18,37.69561767578125
1259,"[2, 5, 3, 3, 5, 5, 6, 2]","[128, 128, 128, 128, 128, 128, 128, 128]","[6, 4, 4, 5, 3, 3, 3, 3]",8,19,32.06556701660156
1260,"[3, 1, 6, 3, 1, 2]","[96, 96, 96, 96, 96, 96]","[5, 5, 4, 3, 6, 4]",6,0,7.526424884796143
1261,"[3, 4, 1, 5, 4, 4, 2, 2, 3, 1]","[112, 112, 112, 112, 112, 112, 112, 112, 112, 112]","[4, 3, 3, 4, 5, 3, 5, 3, 5, 4]",10,1,32.48085403442383
1262,"[2, 1, 4, 6]","[48, 48, 48, 48]","[3, 4, 3, 4]",4,2,1.559320330619812
1263,"[2, 3, 2, 3, 5]","[240, 240, 240, 240, 240]","[4, 5, 4, 4, 3]",5,3,54.717159271240234
1264,"[2, 1, 5, 5, 3, 5, 3, 2]","[176, 176, 176, 176, 176, 176, 176, 176]","[3, 6, 6, 6, 5, 3, 4, 5]",8,4,58.37388610839844
1265,"[5, 3, 3, 5, 5, 3]","[48, 48, 48, 48, 48, 48]","[4, 4, 4, 4, 6, 6]",6,5,2.183673620223999
1266,"[5, 2, 1, 3, 4, 1, 3, 1, 3]","[48, 48, 48, 48, 48, 48, 48, 48, 48]","[6, 6, 3, 5, 3, 4, 6, 6, 4]",9,6,3.7547109127044678
1267,"[5, 2, 4, 2, 5, 2, 6, 6, 2]","[240, 240, 240, 240, 240, 240, 240, 240, 240]","[6, 6, 3, 3, 6, 3, 3, 3, 3]",9,7,124.04202270507812
1268,"[6, 4, 3, 5, 5, 2]","[80, 80, 80, 80, 80, 80]","[5, 5, 6, 4, 5, 3]",6,8,6.325105667114258
1269,"[2, 3, 6, 4, 6]","[32, 32, 32, 32, 32]","[4, 4, 4, 3, 5]",5,9,0.9211553335189819
1270,"[2, 4, 6, 5]","[80, 80, 80, 80]","[4, 4, 6, 3]",4,10,4.311124801635742
1271,"[6, 1, 5, 3, 4, 2, 3, 4]","[32, 32, 32, 32, 32, 32, 32, 32]","[3, 3, 5, 3, 3, 3, 4, 5]",8,11,1.4712258577346802
1272,"[4, 5, 1, 3, 6, 5, 6, 1]","[176, 176, 176, 176, 176, 176, 176, 176]","[3, 3, 6, 4, 4, 5, 4, 3]",8,12,65.6622085571289
1273,"[3, 6, 2, 5, 1, 1, 5, 4]","[128, 128, 128, 128, 128, 128, 128, 128]","[5, 6, 5, 5, 3, 6, 3, 5]",8,13,29.43728256225586
1274,"[6, 2, 3, 6, 4, 1, 3, 6, 5, 6]","[144, 144, 144, 144, 144, 144, 144, 144, 144, 144]","[6, 4, 5, 5, 4, 4, 5, 4, 5, 3]",10,14,54.79439926147461
1275,"[1, 4, 6, 4, 1, 4, 5, 5, 2]","[144, 144, 144, 144, 144, 144, 144, 144, 144]","[3, 3, 6, 4, 6, 5, 6, 3, 3]",9,15,43.357879638671875
1276,"[2, 5, 3, 2]","[112, 112, 112, 112]","[3, 6, 4, 4]",4,16,6.528707504272461
1277,"[3, 2, 2, 3, 6]","[160, 160, 160, 160, 160]","[4, 3, 4, 3, 5]",5,17,23.153432846069336
1278,"[6, 6, 6, 3]","[48, 48, 48, 48]","[5, 3, 6, 5]",4,18,1.674263834953308
1279,"[4, 4, 3, 3, 2, 4, 1]","[32, 32, 32, 32, 32, 32, 32]","[5, 4, 6, 3, 6, 5, 3]",7,19,0.9989517331123352
1280,"[1, 5, 1, 1, 4, 6]","[240, 240, 240, 240, 240, 240]","[5, 5, 5, 4, 5, 5]",6,0,63.82941436767578
1281,"[1, 3, 3, 4]","[192, 192, 192, 192]","[3, 5, 5, 6]",4,1,28.220367431640625
1282,"[2, 3, 4, 5, 5, 3, 1, 3, 5, 4]","[192, 192, 192, 192, 192, 192, 192, 192, 192, 192]","[5, 5, 3, 4, 5, 5, 3, 6, 6, 4]",10,2,87.78046417236328
1283,"[4, 3, 5, 5]","[176, 176, 176, 176]","[5, 4, 4, 3]",4,3,28.57535743713379
1284,"[1, 1, 5, 3]","[64, 64, 64, 64]","[4, 6, 3, 4]",4,4,2.2956044673919678
1285,"[5, 4, 6, 6, 5, 1, 2]","[48, 48, 48, 48, 48, 48, 48]","[4, 4, 3, 5, 5, 3, 4]",7,5,3.044207811355591
1286,"[6, 3, 2, 2, 6, 1, 1, 5]","[128, 128, 128, 128, 128, 128, 128, 128]","[5, 6, 3, 5, 6, 4, 5, 5]",8,6,23.461326599121094
1287,"[5, 5, 6, 4, 4, 5, 4, 1, 5]","[160, 160, 160, 160, 160, 160, 160, 160, 160]","[5, 6, 6, 3, 6, 4, 6, 4, 3]",9,7,61.007789611816406
1288,"[6, 5, 1, 1, 5, 1, 2, 1, 3]","[192, 192, 192, 192, 192, 192, 192, 192, 192]","[3, 4, 6, 6, 6, 4, 4, 3, 3]",9,8,68.79609680175781
1289,"[1, 5, 2, 1, 4]","[160, 160, 160, 160, 160]","[6, 3, 6, 3, 5]",5,9,18.10511016845703
1290,"[4, 2, 4, 4, 6, 3, 5, 2, 6]","[240, 240, 240, 240, 240, 240, 240, 240, 240]","[3, 6, 6, 4, 6, 5, 4, 5, 3]",9,10,139.94143676757812
1291,"[3, 5, 4, 4, 1, 4, 6, 1]","[64, 64, 64, 64, 64, 64, 64, 64]","[6, 4, 5, 5, 5, 5, 5, 4]",8,11,7.989267349243164
1292,"[4, 3, 3, 5, 6, 6, 2]","[64, 64, 64, 64, 64, 64, 64]","[6, 5, 6, 5, 4, 5, 6]",7,12,6.486125946044922
1293,"[1, 1, 6, 3, 4, 3, 6, 1]","[144, 144, 144, 144, 144, 144, 144, 144]","[5, 6, 4, 6, 5, 6, 3, 4]",8,13,38.693992614746094
1294,"[1, 2, 6, 5, 3, 6, 3]","[64, 64, 64, 64, 64, 64, 64]","[5, 4, 3, 5, 3, 3, 5]",7,14,6.7868218421936035
1295,"[1, 3, 5, 5, 2]","[160, 160, 160, 160, 160]","[6, 6, 5, 6, 5]",5,15,24.642004013061523
1296,"[6, 2, 4, 3, 4, 6]","[96, 96, 96, 96, 96, 96]","[3, 5, 6, 5, 6, 3]",6,16,10.627180099487305
1297,"[6, 4, 1, 2]","[176, 176, 176, 176]","[3, 4, 4, 3]",4,17,17.457439422607422
1298,"[5, 3, 5, 1, 2, 5, 1, 6, 4, 2]","[80, 80, 80, 80, 80, 80, 80, 80, 80, 80]","[5, 6, 6, 4, 6, 4, 3, 6, 6, 6]",10,18,15.596169471740723
1299,"[3, 2, 4, 2, 4, 3]","[80, 80, 80, 80, 80, 80]","[5, 6, 6, 6, 3, 4]",6,19,5.287624359130859
1300,"[2, 3, 2, 2, 5, 4, 5, 5]","[128, 128, 128, 128, 128, 128, 128, 128]","[5, 3, 3, 4, 6, 4, 3, 4]",8,0,30.179405212402344
1301,"[3, 4, 1, 6, 1, 2, 6]","[112, 112, 112, 112, 112, 112, 112]","[3, 4, 3, 4, 5, 6, 3]",7,1,23.570825576782227
1302,"[4, 2, 2, 3]","[176, 176, 176, 176]","[3, 3, 4, 5]",4,2,19.90226173400879
1303,"[4, 5, 1, 6, 3, 3]","[240, 240, 240, 240, 240, 240]","[3, 4, 5, 4, 3, 3]",6,3,78.25275421142578
1304,"[3, 3, 2, 6, 2, 6, 5, 3]","[96, 96, 96, 96, 96, 96, 96, 96]","[6, 6, 5, 4, 5, 4, 4, 4]",8,4,17.179330825805664
1305,"[5, 2, 1, 2, 4, 3, 3, 5, 5, 4]","[144, 144, 144, 144, 144, 144, 144, 144, 144, 144]","[3, 3, 3, 6, 6, 5, 4, 5, 5, 5]",10,5,55.44647216796875
1306,"[6, 2, 1, 3, 3, 2, 5, 5, 2, 4]","[128, 128, 128, 128, 128, 128, 128, 128, 128, 128]","[5, 4, 6, 5, 6, 4, 5, 4, 4, 5]",10,6,41.511295318603516
1307,"[2, 1, 4, 4, 3, 3, 1]","[64, 64, 64, 64, 64, 64, 64]","[5, 5, 4, 3, 4, 5, 5]",7,7,4.444928169250488
1308,"[1, 5, 5, 4, 2, 4, 6, 3, 4, 5]","[128, 128, 128, 128, 128, 128, 128, 128, 128, 128]","[5, 6, 4, 5, 3, 4, 3, 5, 4, 6]",10,8,45.369598388671875
1309,"[5, 2, 1, 4, 2, 2, 1, 4, 5, 2]","[128, 128, 128, 128, 128, 128, 128, 128, 128, 128]","[6, 5, 5, 4, 4, 5, 6, 3, 4, 5]",10,9,36.87710952758789
1310,"[4, 3, 4, 4, 5, 6, 4]","[80, 80, 80, 80, 80, 80, 80]","[6, 6, 6, 5, 6, 6, 6]",7,10,10.810027122497559
1311,"[6, 3, 6, 6]","[48, 48, 48, 48]","[5, 4, 4, 6]",4,11,1.8237403631210327
1312,"[6, 5, 5, 2, 1, 3, 2, 4]","[160, 160, 160, 160, 160, 160, 160, 160]","[4, 4, 5, 5, 3, 5, 4, 4]",8,12,42.966270446777344
1313,"[5, 6, 4, 4]","[64, 64, 64, 64]","[4, 5, 3, 3]",4,13,2.7552201747894287
1314,"[2, 4, 6, 2, 1, 5, 6]","[32, 32, 32, 32, 32, 32, 32]","[3, 5, 4, 5, 5, 4, 5]",7,14,1.6814827919006348
1315,"[5, 5, 5, 3, 6, 3]","[144, 144, 144, 144, 144, 144]","[4, 4, 4, 6, 5, 6]",6,15,26.175291061401367
1316,"[3, 2, 3, 5, 4, 5]","[64, 64, 64, 64, 64, 64]","[5, 5, 4, 5, 3, 4]",6,16,4.339543342590332
1317,"[4, 4, 6, 4, 3, 3, 5, 5, 4]","[112, 112, 112, 112, 112, 112, 112, 112, 112]","[4, 6, 4, 4, 4, 6, 3, 3, 5]",9,17,30.58237075805664
1318,"[4, 2, 3, 3, 5, 3, 1, 2, 1, 2]","[176, 176, 176, 176, 176, 176, 176, 176, 176, 176]","[3, 6, 5, 6, 4, 4, 6, 3, 3, 3]",10,18,65.04447174072266
1319,"[5, 1, 1, 1, 1, 4, 3, 5]","[160, 160, 160, 160, 160, 160, 160, 160]","[6, 3, 5, 4, 4, 3, 4, 5]",8,19,41.52757263183594
1320,"[2, 2, 3, 3, 5, 2, 3]","[192, 192, 192, 192, 192, 192, 192]","[5, 3, 5, 5, 3, 4, 5]",7,0,60.989444732666016
1321,"[6, 4, 4, 6, 3, 5, 1, 4, 1, 6]","[112, 112, 112, 112, 112, 112, 112, 112, 112, 112]","[3, 4, 6, 4, 4, 6, 5, 4, 6, 5]",10,1,29.74547576904297
1322,"[3, 3, 5, 2, 4, 2]","[112, 112, 112, 112, 112, 112]","[5, 4, 4, 6, 5, 3]",6,2,12.282792091369629
1323,"[6, 1, 2, 2, 5, 2, 2]","[128, 128, 128, 128, 128, 128, 128]","[5, 3, 3, 4, 3, 3, 3]",7,3,22.106975555419922
1324,"[6, 3, 3, 1, 6, 5, 2, 4]","[160, 160, 160, 160, 160, 160, 160, 160]","[4, 4, 5, 4, 5, 3, 5, 4]",8,4,45.885799407958984
1325,"[1, 6, 2, 1, 2, 5, 2, 2, 3, 2]","[80, 80, 80, 80, 80, 80, 80, 80, 80, 80]","[3, 4, 6, 5, 4, 5, 4, 4, 5, 6]",10,5,14.469010353088379
1326,"[6, 1, 2, 6, 2, 5]","[112, 112, 112, 112, 112, 112]","[5, 5, 6, 3, 4, 6]",6,6,15.358833312988281
1327,"[1, 1, 1, 4]","[192, 192, 192, 192]","[5, 6, 4, 4]",4,7,22.621723175048828
1328,"[5, 6, 4, 5, 6, 2, 6, 2]","[48, 48, 48, 48, 48, 48, 48, 48]","[6, 5, 5, 6, 5, 6, 6, 5]",8,8,4.317699909210205
1329,"[6, 1, 6, 5]","[48, 48, 48, 48]","[5, 3, 5, 5]",4,9,1.7114051580429077
1330,"[6, 4, 3, 2, 3, 6]","[160, 160, 160, 160, 160, 160]","[5, 4, 3, 5, 4, 6]",6,10,32.20153045654297
1331,"[1, 6, 4, 3]","[96, 96, 96, 96]","[5, 6, 5, 5]",4,11,5.123907089233398
1332,"[4, 6, 3, 1, 1, 2, 2, 6, 4]","[96, 96, 96, 96, 96, 96, 96, 96, 96]","[4, 3, 3, 5, 6, 6, 4, 6, 3]",9,12,18.376726150512695
1333,"[5, 2, 4, 5, 1, 1, 4]","[96, 96, 96, 96, 96, 96, 96]","[4, 4, 3, 4, 5, 3, 3]",7,13,13.98796272277832
1334,"[4, 5, 2, 4]","[64, 64, 64, 64]","[5, 3, 3, 3]",4,14,2.308980941772461
1335,"[5, 5, 2, 2, 4, 4, 5, 6, 1]","[160, 160, 160, 160, 160, 160, 160, 160, 160]","[5, 5, 5, 6, 5, 3, 6, 4, 3]",9,15,55.10036849975586
1336,"[1, 6, 2, 6]","[80, 80, 80, 80]","[4, 6, 3, 6]",4,16,3.653276205062866
1337,"[2, 5, 4, 1, 4, 5, 2, 5]","[48, 48, 48, 48, 48, 48, 48, 48]","[5, 6, 3, 3, 6, 4, 6, 6]",8,17,3.282541275024414
1338,"[5, 3, 4, 4, 5, 6, 6, 3]","[144, 144, 144, 144, 144, 144, 144, 144]","[5, 5, 5, 6, 4, 4, 3, 3]",8,18,47.524784088134766
1339,"[2, 2, 5, 3, 1, 2, 5, 1, 2, 6]","[80, 80, 80, 80, 80, 80, 80, 80, 80, 80]","[5, 6, 3, 5, 3, 3, 3, 5, 6, 3]",10,19,14.877906799316406
1340,"[1, 2, 4, 3, 4, 3, 2, 6, 3, 4]","[80, 80, 80, 80, 80, 80, 80, 80, 80, 80]","[3, 4, 6, 4, 3, 3, 3, 5, 5, 5]",10,0,13.155954360961914
1341,"[1, 2, 2, 1, 2, 2, 3]","[48, 48, 48, 48, 48, 48, 48]","[6, 6, 5, 5, 5, 6, 5]",7,1,2.5077390670776367
1342,"[5, 4, 2, 6, 3]","[128, 128, 128, 128, 128]","[6, 6, 3, 6, 6]",5,2,15.775712966918945
1343,"[2, 6, 3, 4, 4, 3, 5, 2, 6, 1]","[128, 128, 128, 128, 128, 128, 128, 128, 128, 128]","[4, 3, 6, 5, 4, 6, 4, 4, 4, 6]",10,3,41.49067306518555
1344,"[6, 5, 6, 6, 3, 1, 1, 2]","[176, 176, 176, 176, 176, 176, 176, 176]","[4, 3, 5, 4, 5, 5, 4, 4]",8,4,50.64693069458008
1345,"[6, 3, 2, 3, 4, 6]","[176, 176, 176, 176, 176, 176]","[5, 5, 5, 5, 3, 5]",6,5,41.94599914550781
1346,"[5, 2, 3, 5]","[176, 176, 176, 176]","[3, 5, 6, 3]",4,6,26.5856876373291
1347,"[1, 1, 2, 3, 6]","[128, 128, 128, 128, 128]","[3, 4, 4, 4, 5]",5,7,13.027397155761719
1348,"[5, 3, 5, 4, 2, 3, 2, 3]","[192, 192, 192, 192, 192, 192, 192, 192]","[4, 5, 6, 6, 3, 3, 4, 6]",8,8,65.77789306640625
1349,"[2, 2, 1, 5, 2, 4, 5, 5, 2]","[64, 64, 64, 64, 64, 64, 64, 64, 64]","[4, 5, 4, 5, 5, 3, 5, 6, 3]",9,9,8.549176216125488
1350,"[6, 4, 3, 6, 4, 5, 6]","[96, 96, 96, 96, 96, 96, 96]","[3, 5, 4, 5, 6, 6, 4]",7,10,17.770320892333984
1351,"[3, 3, 4, 5, 2, 3, 6, 3]","[144, 144, 144, 144, 144, 144, 144, 144]","[3, 4, 6, 4, 6, 5, 4, 4]",8,11,40.08426284790039
1352,"[3, 5, 2, 5, 1, 4, 5, 3]","[48, 48, 48, 48, 48, 48, 48, 48]","[5, 4, 4, 5, 4, 3, 4, 5]",8,12,3.792283296585083
1353,"[5, 3, 2, 4, 4, 2, 1, 1, 4, 2]","[96, 96, 96, 96, 96, 96, 96, 96, 96, 96]","[3, 4, 3, 5, 3, 3, 3, 6, 4, 5]",10,13,19.541072845458984
1354,"[2, 2, 3, 2, 2]","[160, 160, 160, 160, 160]","[3, 4, 4, 3, 5]",5,14,16.98687171936035
1355,"[3, 6, 2, 1, 2, 6, 1, 2, 2]","[112, 112, 112, 112, 112, 112, 112, 112, 112]","[5, 5, 5, 6, 5, 3, 3, 4, 6]",9,15,20.61786651611328
1356,"[5, 4, 6, 4, 3]","[160, 160, 160, 160, 160]","[4, 4, 3, 4, 3]",5,16,27.78931999206543
1357,"[2, 6, 3, 3]","[80, 80, 80, 80]","[4, 4, 4, 6]",4,17,3.323185443878174
1358,"[4, 6, 6, 1, 6, 5]","[240, 240, 240, 240, 240, 240]","[5, 6, 5, 4, 3, 4]",6,18,92.70389556884766
1359,"[2, 2, 5, 2, 2, 5, 3, 2, 6]","[240, 240, 240, 240, 240, 240, 240, 240, 240]","[4, 5, 3, 4, 5, 5, 6, 3, 5]",9,19,120.34264373779297
1360,"[4, 4, 4, 5, 4, 6, 6, 4, 3, 4]","[64, 64, 64, 64, 64, 64, 64, 64, 64, 64]","[3, 4, 6, 4, 3, 3, 3, 3, 6, 4]",10,0,12.522577285766602
1361,"[3, 2, 3, 1, 4, 4]","[240, 240, 240, 240, 240, 240]","[6, 5, 6, 6, 6, 6]",6,1,67.63611602783203
1362,"[5, 5, 4, 6]","[240, 240, 240, 240]","[4, 4, 6, 5]",4,2,68.07953643798828
1363,"[6, 6, 1, 4, 1, 6, 1, 5, 6, 4]","[144, 144, 144, 144, 144, 144, 144, 144, 144, 144]","[6, 6, 5, 4, 5, 5, 6, 6, 3, 6]",10,3,53.3237190246582
1364,"[5, 2, 1, 4, 1, 4, 4, 6]","[240, 240, 240, 240, 240, 240, 240, 240]","[5, 3, 6, 4, 3, 5, 4, 3]",8,4,103.88221740722656
1365,"[3, 1, 3, 6, 3, 4, 4]","[112, 112, 112, 112, 112, 112, 112]","[6, 5, 3, 3, 6, 3, 3]",7,5,21.73581314086914
1366,"[3, 3, 2, 5, 5, 3, 1, 2]","[32, 32, 32, 32, 32, 32, 32, 32]","[6, 5, 5, 5, 4, 4, 5, 3]",8,6,1.0980368852615356
1367,"[2, 5, 3, 4, 3, 5, 1]","[48, 48, 48, 48, 48, 48, 48]","[6, 4, 3, 6, 3, 6, 5]",7,7,2.507115602493286
1368,"[1, 3, 2, 4, 2, 1, 4, 2, 3, 3]","[176, 176, 176, 176, 176, 176, 176, 176, 176, 176]","[3, 4, 4, 4, 3, 4, 3, 5, 6, 4]",10,8,64.89019012451172
1369,"[3, 1, 3, 6, 6, 3, 6]","[128, 128, 128, 128, 128, 128, 128]","[4, 5, 4, 6, 3, 6, 3]",7,9,31.94103240966797
1370,"[1, 5, 2, 6, 2, 2, 5, 4]","[80, 80, 80, 80, 80, 80, 80, 80]","[4, 5, 6, 6, 5, 4, 6, 4]",8,10,11.070029258728027
1371,"[2, 3, 5, 2]","[240, 240, 240, 240]","[4, 5, 5, 5]",4,11,46.42388916015625
1372,"[2, 2, 5, 5, 6, 5]","[192, 192, 192, 192, 192, 192]","[3, 4, 4, 3, 4, 3]",6,12,62.74711990356445
1373,"[3, 1, 4, 6, 3, 5]","[64, 64, 64, 64, 64, 64]","[6, 6, 4, 6, 3, 3]",6,13,4.465927600860596
1374,"[5, 3, 1, 3, 6, 2, 6, 3, 2, 3]","[176, 176, 176, 176, 176, 176, 176, 176, 176, 176]","[3, 5, 4, 6, 6, 3, 5, 6, 4, 4]",10,14,79.25729370117188
1375,"[3, 4, 2, 2, 1, 5, 2, 6]","[112, 112, 112, 112, 112, 112, 112, 112]","[4, 3, 3, 3, 4, 4, 4, 6]",8,15,20.63569450378418
1376,"[6, 3, 2, 6]","[32, 32, 32, 32]","[4, 6, 6, 4]",4,16,0.7333945035934448
1377,"[3, 6, 6, 6, 4, 1, 4]","[144, 144, 144, 144, 144, 144, 144]","[6, 4, 4, 3, 4, 6, 4]",7,17,38.01988983154297
1378,"[5, 1, 4, 4, 4, 3, 5]","[96, 96, 96, 96, 96, 96, 96]","[5, 3, 6, 4, 6, 3, 3]",7,18,15.28641128540039
1379,"[3, 5, 3, 3, 1, 6, 6, 2, 5]","[80, 80, 80, 80, 80, 80, 80, 80, 80]","[3, 5, 4, 4, 6, 6, 5, 4, 5]",9,19,15.95923900604248
1380,"[3, 2, 1, 1, 5, 6, 6]","[64, 64, 64, 64, 64, 64, 64]","[6, 4, 3, 3, 4, 5, 3]",7,0,7.461620807647705
1381,"[2, 1, 4, 1, 1, 6]","[112, 112, 112, 112, 112, 112]","[3, 6, 6, 5, 5, 5]",6,1,11.991647720336914
1382,"[6, 6, 6, 2, 1, 5, 6, 2]","[192, 192, 192, 192, 192, 192, 192, 192]","[6, 5, 3, 5, 6, 6, 5, 5]",8,2,86.71061706542969
1383,"[4, 2, 6, 6, 5, 1, 5]","[240, 240, 240, 240, 240, 240, 240]","[6, 4, 5, 5, 5, 5, 4]",7,3,125.86843872070312
1384,"[2, 5, 2, 5, 4, 1, 1, 4, 4]","[144, 144, 144, 144, 144, 144, 144, 144, 144]","[5, 3, 4, 3, 5, 4, 6, 4, 6]",9,4,43.84735107421875
1385,"[3, 3, 1, 4]","[128, 128, 128, 128]","[4, 4, 4, 4]",4,5,9.189042091369629
1386,"[6, 6, 5, 6, 3, 2]","[192, 192, 192, 192, 192, 192]","[4, 4, 3, 6, 5, 5]",6,6,56.72499084472656
1387,"[3, 2, 5, 4, 5, 5, 6, 1, 4]","[32, 32, 32, 32, 32, 32, 32, 32, 32]","[5, 4, 3, 6, 6, 6, 3, 4, 6]",9,7,2.248659372329712
1388,"[1, 5, 6, 1, 1, 5, 2]","[176, 176, 176, 176, 176, 176, 176]","[3, 5, 4, 5, 3, 6, 3]",7,8,50.1704216003418
1389,"[6, 3, 5, 6, 4]","[96, 96, 96, 96, 96]","[6, 4, 5, 4, 6]",5,9,9.041099548339844
1390,"[2, 4, 6, 2, 1, 6, 6, 5, 3, 2]","[192, 192, 192, 192, 192, 192, 192, 192, 192, 192]","[4, 6, 6, 4, 4, 6, 5, 4, 4, 4]",10,10,100.09689331054688
1391,"[4, 4, 2, 3, 3, 6, 6]","[96, 96, 96, 96, 96, 96, 96]","[6, 3, 3, 4, 5, 6, 3]",7,11,17.375154495239258
1392,"[5, 5, 3, 3, 1, 6, 3]","[144, 144, 144, 144, 144, 144, 144]","[3, 5, 4, 5, 5, 6, 6]",7,12,33.227745056152344
1393,"[1, 2, 5, 4]","[32, 32, 32, 32]","[3, 4, 6, 3]",4,13,0.728630006313324
1394,"[4, 1, 3, 2, 4, 4, 3, 1, 5, 2]","[240, 240, 240, 240, 240, 240, 240, 240, 240, 240]","[3, 3, 5, 6, 5, 3, 5, 5, 5, 5]",10,14,121.94223022460938
1395,"[4, 5, 6, 5, 4]","[112, 112, 112, 112, 112]","[6, 3, 5, 5, 6]",5,15,13.007153511047363
1396,"[5, 2, 5, 4, 4, 3, 1, 6, 6, 1]","[32, 32, 32, 32, 32, 32, 32, 32, 32, 32]","[6, 6, 4, 5, 6, 5, 5, 5, 3, 3]",10,16,2.6330931186676025
1397,"[1, 6, 2, 2, 2, 3]","[240, 240, 240, 240, 240, 240]","[5, 5, 6, 5, 4, 5]",6,17,57.868621826171875
1398,"[5, 1, 2, 1]","[48, 48, 48, 48]","[5, 4, 6, 5]",4,18,1.095537543296814
1399,"[1, 4, 2, 6, 3, 6, 1, 2, 5]","[48, 48, 48, 48, 48, 48, 48, 48, 48]","[6, 5, 4, 5, 3, 4, 3, 3, 3]",9,19,4.723299980163574
1400,"[4, 6, 5, 4, 4, 4, 1]","[96, 96, 96, 96, 96, 96, 96]","[6, 6, 6, 4, 6, 6, 6]",7,0,12.014646530151367
1401,"[3, 5, 1, 3]","[80, 80, 80, 80]","[3, 5, 6, 4]",4,1,2.7355055809020996
1402,"[3, 4, 4, 5, 4, 6, 3, 5]","[64, 64, 64, 64, 64, 64, 64, 64]","[6, 5, 4, 5, 3, 3, 6, 3]",8,2,7.900691986083984
1403,"[5, 4, 3, 3]","[176, 176, 176, 176]","[4, 4, 5, 3]",4,3,23.215112686157227
1404,"[5, 3, 4, 3, 5, 2, 5, 6, 1]","[96, 96, 96, 96, 96, 96, 96, 96, 96]","[4, 3, 6, 5, 6, 4, 6, 4, 3]",9,4,18.328227996826172
1405,"[1, 6, 5, 3]","[128, 128, 128, 128]","[3, 4, 3, 6]",4,5,11.023170471191406
1406,"[3, 2, 1, 4, 6, 3, 2]","[80, 80, 80, 80, 80, 80, 80]","[4, 6, 5, 6, 6, 4, 4]",7,6,7.821138381958008
1407,"[5, 1, 2, 1, 6, 5, 2]","[80, 80, 80, 80, 80, 80, 80]","[5, 3, 6, 3, 5, 3, 4]",7,7,8.688063621520996
1408,"[1, 2, 4, 3, 6, 5, 2]","[240, 240, 240, 240, 240, 240, 240]","[6, 5, 5, 4, 4, 4, 5]",7,8,99.33474731445312
1409,"[4, 1, 2, 6, 1, 1, 1]","[64, 64, 64, 64, 64, 64, 64]","[3, 5, 3, 6, 4, 6, 3]",7,9,3.722313642501831
1410,"[4, 4, 6, 2, 3, 1, 6, 5]","[192, 192, 192, 192, 192, 192, 192, 192]","[3, 4, 3, 3, 3, 3, 6, 6]",8,10,71.7364501953125
1411,"[5, 6, 4, 4, 6, 3]","[96, 96, 96, 96, 96, 96]","[3, 3, 6, 6, 3, 5]",6,11,10.682393074035645
1412,"[4, 3, 6, 5, 6]","[144, 144, 144, 144, 144]","[5, 3, 5, 5, 5]",5,12,22.88268280029297
1413,"[1, 4, 6, 2, 2, 4, 6, 1, 4]","[144, 144, 144, 144, 144, 144, 144, 144, 144]","[5, 4, 3, 4, 5, 6, 4, 5, 5]",9,13,45.24583053588867
1414,"[6, 3, 3, 4, 5, 6, 6]","[192, 192, 192, 192, 192, 192, 192]","[3, 3, 3, 6, 3, 6, 5]",7,14,82.3462905883789
1415,"[2, 2, 2, 1, 6]","[192, 192, 192, 192, 192]","[5, 4, 4, 5, 6]",5,15,30.97411346435547
1416,"[2, 6, 2, 4, 3, 5, 6]","[96, 96, 96, 96, 96, 96, 96]","[4, 3, 5, 6, 5, 4, 3]",7,16,17.224069595336914
1417,"[2, 5, 2, 5, 4, 5, 4]","[192, 192, 192, 192, 192, 192, 192]","[3, 6, 4, 6, 3, 6, 3]",7,17,68.77752685546875
1418,"[2, 2, 1, 6, 5, 2, 1, 4, 1]","[144, 144, 144, 144, 144, 144, 144, 144, 144]","[5, 3, 5, 6, 6, 6, 4, 4, 5]",9,18,37.8375244140625
1419,"[2, 6, 5, 4, 5]","[128, 128, 128, 128, 128]","[3, 6, 3, 4, 5]",5,19,16.1048583984375
1420,"[2, 6, 4, 3, 6, 4, 3]","[96, 96, 96, 96, 96, 96, 96]","[4, 3, 5, 5, 5, 5, 5]",7,0,14.512701988220215
1421,"[2, 1, 4, 2]","[48, 48, 48, 48]","[3, 3, 3, 6]",4,1,1.260645866394043
1422,"[3, 6, 6, 3, 6, 3]","[64, 64, 64, 64, 64, 64]","[5, 3, 5, 5, 4, 4]",6,2,4.5123701095581055
1423,"[6, 5, 4, 5]","[48, 48, 48, 48]","[6, 4, 4, 6]",4,3,1.656450867652893
1424,"[1, 6, 1, 2, 1]","[192, 192, 192, 192, 192]","[3, 6, 6, 6, 3]",5,4,23.771615982055664
1425,"[5, 2, 1, 2, 2, 6, 4, 6, 3]","[96, 96, 96, 96, 96, 96, 96, 96, 96]","[4, 4, 6, 6, 6, 4, 5, 4, 5]",9,5,20.118886947631836
1426,"[4, 3, 5, 3, 6, 6, 2]","[144, 144, 144, 144, 144, 144, 144]","[6, 5, 4, 4, 5, 3, 3]",7,6,37.197975158691406
1427,"[4, 2, 4, 6]","[48, 48, 48, 48]","[3, 5, 6, 6]",4,7,1.6245685815811157
1428,"[4, 5, 1, 4, 1, 3, 4, 2, 5, 2]","[240, 240, 240, 240, 240, 240, 240, 240, 240, 240]","[3, 4, 5, 4, 3, 4, 6, 3, 6, 4]",10,8,116.30020141601562
1429,"[1, 6, 3, 1, 2, 6, 2]","[80, 80, 80, 80, 80, 80, 80]","[5, 6, 6, 6, 6, 6, 4]",7,9,8.093291282653809
1430,"[6, 2, 6, 3, 1, 5, 2, 4, 3]","[48, 48, 48, 48, 48, 48, 48, 48, 48]","[4, 5, 5, 4, 3, 5, 6, 6, 5]",9,10,4.2724456787109375
1431,"[3, 5, 5, 5, 6, 6, 5]","[240, 240, 240, 240, 240, 240, 240]","[6, 5, 3, 6, 6, 6, 4]",7,11,131.190185546875
1432,"[3, 1, 1, 6, 2, 1, 2, 6]","[32, 32, 32, 32, 32, 32, 32, 32]","[6, 6, 4, 3, 3, 4, 6, 4]",8,12,1.2522437572479248
1433,"[5, 5, 6, 1, 2, 1, 1, 1, 2, 3]","[176, 176, 176, 176, 176, 176, 176, 176, 176, 176]","[4, 5, 6, 3, 5, 5, 4, 4, 4, 4]",10,13,64.904541015625
1434,"[5, 2, 1, 4, 3, 4, 6, 3, 3]","[96, 96, 96, 96, 96, 96, 96, 96, 96]","[3, 6, 4, 4, 6, 3, 3, 6, 5]",9,14,19.52263832092285
1435,"[5, 4, 2, 4, 4, 2, 4]","[112, 112, 112, 112, 112, 112, 112]","[6, 4, 5, 3, 5, 4, 6]",7,15,22.31755256652832
1436,"[3, 6, 5, 2, 1]","[112, 112, 112, 112, 112]","[3, 5, 4, 4, 3]",5,16,8.450041770935059
1437,"[6, 3, 1, 4]","[32, 32, 32, 32]","[5, 3, 3, 5]",4,17,0.6608585119247437
1438,"[1, 3, 1, 1, 5, 2, 2, 4, 6]","[112, 112, 112, 112, 112, 112, 112, 112, 112]","[4, 6, 6, 3, 6, 3, 4, 6, 5]",9,18,25.708026885986328
1439,"[5, 6, 2, 3, 3]","[160, 160, 160, 160, 160]","[5, 6, 5, 5, 4]",5,19,22.252416610717773
1440,"[5, 5, 6, 5]","[128, 128, 128, 128]","[3, 6, 5, 5]",4,0,14.812233924865723
1441,"[4, 4, 3, 1, 3, 4, 6, 3]","[240, 240, 240, 240, 240, 240, 240, 240]","[5, 6, 5, 6, 4, 5, 3, 5]",8,1,107.4449462890625
1442,"[6, 6, 6, 3, 5]","[48, 48, 48, 48, 48]","[3, 6, 5, 4, 5]",5,2,1.9918427467346191
1443,"[5, 1, 3, 6, 4, 1, 6, 4, 5, 6]","[96, 96, 96, 96, 96, 96, 96, 96, 96, 96]","[6, 4, 3, 5, 6, 4, 6, 6, 3, 4]",10,3,24.884511947631836
1444,"[2, 4, 1, 1]","[192, 192, 192, 192]","[6, 4, 5, 5]",4,4,16.37833023071289
1445,"[3, 1, 5, 1, 6, 1, 5, 5]","[32, 32, 32, 32, 32, 32, 32, 32]","[5, 3, 6, 6, 3, 5, 4, 4]",8,5,1.720043420791626
1446,"[4, 1, 2, 4, 5, 6, 6, 3, 4]","[128, 128, 128, 128, 128, 128, 128, 128, 128]","[6, 3, 5, 3, 5, 4, 3, 6, 6]",9,6,37.70563888549805
1447,"[5, 2, 6, 3, 5, 2, 5, 4]","[112, 112, 112, 112, 112, 112, 112, 112]","[6, 6, 6, 4, 4, 6, 3, 6]",8,7,23.318832397460938
1448,"[6, 5, 2, 2, 3, 1, 3, 4]","[112, 112, 112, 112, 112, 112, 112, 112]","[3, 5, 3, 4, 6, 3, 6, 6]",8,8,21.17728042602539
1449,"[5, 6, 1, 6, 6, 5, 2, 5, 3, 6]","[96, 96, 96, 96, 96, 96, 96, 96, 96, 96]","[4, 6, 6, 5, 4, 5, 3, 4, 4, 6]",10,9,25.426563262939453
1450,"[2, 4, 1, 4, 2, 6, 6, 1]","[144, 144, 144, 144, 144, 144, 144, 144]","[4, 6, 3, 5, 6, 5, 5, 5]",8,10,41.64424133300781
1451,"[6, 6, 3, 1, 2]","[128, 128, 128, 128, 128]","[5, 5, 6, 4, 5]",5,11,10.493979454040527
1452,"[3, 5, 4, 5, 4, 3, 3, 6]","[160, 160, 160, 160, 160, 160, 160, 160]","[5, 4, 3, 3, 5, 5, 5, 5]",8,12,48.030696868896484
1453,"[4, 2, 2, 4, 3, 1, 2, 1, 3]","[112, 112, 112, 112, 112, 112, 112, 112, 112]","[6, 3, 6, 5, 3, 6, 4, 5, 3]",9,13,22.91437530517578
1454,"[4, 1, 6, 6, 1, 5, 4, 3]","[32, 32, 32, 32, 32, 32, 32, 32]","[4, 6, 3, 5, 5, 3, 4, 3]",8,14,1.6171832084655762
1455,"[3, 3, 5, 6]","[240, 240, 240, 240]","[4, 4, 6, 6]",4,15,63.159297943115234
1456,"[3, 5, 1, 5, 4, 6, 6, 6]","[48, 48, 48, 48, 48, 48, 48, 48]","[5, 6, 6, 3, 6, 3, 6, 4]",8,16,4.5122175216674805
1457,"[3, 4, 1, 6, 2, 2, 6]","[160, 160, 160, 160, 160, 160, 160]","[4, 5, 4, 5, 3, 5, 5]",7,17,51.747982025146484
1458,"[3, 5, 3, 6, 6, 4, 5, 5, 3]","[176, 176, 176, 176, 176, 176, 176, 176, 176]","[3, 3, 3, 5, 4, 5, 4, 5, 5]",9,18,81.61235046386719
1459,"[4, 6, 1, 2, 5]","[112, 112, 112, 112, 112]","[4, 4, 3, 6, 6]",5,19,9.6626558303833
1460,"[4, 6, 6, 2, 5, 4, 6, 6, 5, 6]","[64, 64, 64, 64, 64, 64, 64, 64, 64, 64]","[6, 3, 4, 3, 5, 5, 5, 6, 3, 3]",10,0,13.905252456665039
1461,"[4, 5, 2, 3, 4, 3, 5, 6, 3]","[112, 112, 112, 112, 112, 112, 112, 112, 112]","[6, 3, 6, 5, 6, 4, 6, 4, 3]",9,1,31.84107780456543
1462,"[1, 6, 2, 4, 5, 3, 2, 1, 1]","[128, 128, 128, 128, 128, 128, 128, 128, 128]","[3, 6, 5, 5, 6, 4, 5, 5, 5]",9,2,26.4345760345459
1463,"[3, 1, 5, 5, 3, 2, 6, 5, 2, 6]","[128, 128, 128, 128, 128, 128, 128, 128, 128, 128]","[4, 5, 5, 6, 6, 6, 4, 3, 3, 5]",10,3,46.6501350402832
1464,"[4, 5, 4, 3, 1, 5, 5]","[240, 240, 240, 240, 240, 240, 240]","[4, 3, 5, 4, 4, 3, 6]",7,4,113.1072006225586
1465,"[6, 4, 5, 2, 2, 6, 1, 3]","[160, 160, 160, 160, 160, 160, 160, 160]","[5, 5, 3, 3, 5, 3, 4, 4]",8,5,41.92362976074219
1466,"[2, 5, 1, 6, 1, 4]","[192, 192, 192, 192, 192, 192]","[3, 5, 4, 4, 5, 3]",6,6,46.206851959228516
1467,"[3, 6, 1, 1, 6, 1, 1, 5, 2]","[80, 80, 80, 80, 80, 80, 80, 80, 80]","[4, 5, 4, 6, 3, 6, 4, 6, 5]",9,7,9.666990280151367
1468,"[5, 2, 6, 6, 3, 2, 4, 6, 5, 4]","[48, 48, 48, 48, 48, 48, 48, 48, 48, 48]","[5, 3, 5, 4, 5, 4, 3, 6, 5, 3]",10,8,7.8094916343688965
1469,"[5, 4, 6, 1, 6, 2, 4]","[64, 64, 64, 64, 64, 64, 64]","[5, 3, 6, 3, 3, 3, 5]",7,9,6.618006706237793
1470,"[2, 5, 4, 1, 1, 5, 1, 6, 6]","[32, 32, 32, 32, 32, 32, 32, 32, 32]","[3, 4, 3, 3, 6, 6, 5, 3, 4]",9,10,1.9823756217956543
1471,"[6, 2, 5, 1, 5, 4, 3, 4, 6, 3]","[176, 176, 176, 176, 176, 176, 176, 176, 176, 176]","[3, 3, 3, 4, 6, 4, 4, 5, 4, 5]",10,11,79.251220703125
1472,"[5, 3, 6, 5, 1, 4, 4, 1, 2, 6]","[48, 48, 48, 48, 48, 48, 48, 48, 48, 48]","[4, 6, 5, 4, 5, 5, 6, 5, 6, 5]",10,12,6.354454517364502
1473,"[5, 2, 2, 3]","[32, 32, 32, 32]","[5, 6, 6, 5]",4,13,0.6552393436431885
1474,"[4, 1, 2, 6, 5, 4, 2]","[144, 144, 144, 144, 144, 144, 144]","[6, 5, 6, 3, 4, 4, 6]",7,14,35.506011962890625
1475,"[6, 1, 1, 6, 1, 3, 3, 3, 1, 2]","[32, 32, 32, 32, 32, 32, 32, 32, 32, 32]","[6, 4, 5, 5, 6, 6, 3, 6, 5, 3]",10,15,2.091299295425415
1476,"[4, 1, 4, 4, 2, 1]","[128, 128, 128, 128, 128, 128]","[4, 6, 3, 5, 4, 5]",6,16,14.791020393371582
1477,"[3, 2, 2, 4, 6, 5, 2]","[240, 240, 240, 240, 240, 240, 240]","[3, 5, 3, 4, 4, 4, 6]",7,17,94.84363555908203
1478,"[2, 1, 6, 6, 4]","[80, 80, 80, 80, 80]","[5, 5, 4, 6, 4]",5,18,5.228886604309082
1479,"[1, 1, 3, 3, 5, 1, 4, 2, 6]","[112, 112, 112, 112, 112, 112, 112, 112, 112]","[3, 4, 4, 6, 4, 3, 4, 5, 3]",9,19,26.79266357421875
1480,"[5, 1, 6, 4, 3, 5, 2, 5]","[32, 32, 32, 32, 32, 32, 32, 32]","[5, 4, 5, 6, 5, 5, 3, 4]",8,0,1.4987127780914307
1481,"[4, 5, 1, 4, 5, 4, 2, 2, 5]","[96, 96, 96, 96, 96, 96, 96, 96, 96]","[3, 6, 3, 6, 4, 5, 3, 3, 6]",9,1,20.63739013671875
1482,"[6, 5, 5, 2, 5, 5, 3]","[64, 64, 64, 64, 64, 64, 64]","[4, 5, 3, 5, 3, 5, 6]",7,2,7.10749626159668
1483,"[4, 4, 4, 4, 5]","[160, 160, 160, 160, 160]","[4, 3, 5, 6, 3]",5,3,26.70636558532715
1484,"[1, 2, 6, 3, 2, 6, 3, 5, 6, 5]","[128, 128, 128, 128, 128, 128, 128, 128, 128, 128]","[5, 3, 6, 5, 3, 5, 3, 3, 6, 3]",10,4,48.1954345703125
1485,"[4, 4, 2, 4, 5, 5]","[128, 128, 128, 128, 128, 128]","[3, 4, 4, 6, 4, 3]",6,5,20.934690475463867
1486,"[2, 6, 6, 1, 3, 4, 3, 3, 3]","[96, 96, 96, 96, 96, 96, 96, 96, 96]","[6, 3, 3, 5, 3, 3, 3, 4, 4]",9,6,18.577173233032227
1487,"[3, 1, 3, 6, 3]","[48, 48, 48, 48, 48]","[4, 6, 3, 3, 4]",5,7,1.690319538116455
1488,"[2, 3, 4, 6, 1, 1]","[32, 32, 32, 32, 32, 32]","[3, 4, 5, 3, 6, 3]",6,8,0.8060117959976196
1489,"[1, 6, 3, 3, 1, 3, 2, 1, 4]","[32, 32, 32, 32, 32, 32, 32, 32, 32]","[6, 5, 4, 3, 6, 4, 3, 3, 5]",9,9,1.6142200231552124
1490,"[6, 3, 3, 2]","[144, 144, 144, 144]","[5, 4, 6, 5]",4,10,12.053760528564453
1491,"[4, 6, 4, 3, 1, 4, 3, 1, 3, 4]","[96, 96, 96, 96, 96, 96, 96, 96, 96, 96]","[6, 3, 3, 3, 6, 5, 5, 5, 6, 6]",10,11,18.529376983642578
1492,"[6, 5, 2, 4, 4, 6, 1]","[240, 240, 240, 240, 240, 240, 240]","[4, 6, 3, 6, 5, 5, 5]",7,12,93.390869140625
1493,"[2, 6, 6, 2, 3, 6, 3, 6, 2]","[144, 144, 144, 144, 144, 144, 144, 144, 144]","[3, 5, 3, 6, 6, 5, 3, 5, 5]",9,13,42.88977813720703
1494,"[5, 1, 2, 4, 1, 2]","[176, 176, 176, 176, 176, 176]","[3, 6, 3, 4, 5, 5]",6,14,33.152278900146484
1495,"[2, 3, 5, 3, 5, 2, 6]","[80, 80, 80, 80, 80, 80, 80]","[3, 5, 5, 5, 4, 4, 4]",7,15,10.646028518676758
1496,"[1, 5, 2, 3, 2]","[192, 192, 192, 192, 192]","[5, 6, 3, 3, 5]",5,16,29.766889572143555
1497,"[4, 5, 1, 6, 5, 5, 6, 6]","[176, 176, 176, 176, 176, 176, 176, 176]","[5, 3, 5, 3, 4, 6, 3, 4]",8,17,72.28909301757812
1498,"[5, 6, 5, 4, 1, 5, 3, 1]","[160, 160, 160, 160, 160, 160, 160, 160]","[6, 5, 5, 4, 6, 6, 6, 4]",8,18,48.39662551879883
1499,"[1, 1, 5, 3, 3]","[240, 240, 240, 240, 240]","[6, 5, 6, 6, 4]",5,19,54.345924377441406
1500,"[1, 5, 6, 2, 5, 6, 3, 4, 2]","[240, 240, 240, 240, 240, 240, 240, 240, 240]","[3, 6, 3, 5, 5, 4, 3, 6, 3]",9,0,119.55126953125
1501,"[2, 5, 4, 4, 2, 5, 4]","[240, 240, 240, 240, 240, 240, 240]","[5, 3, 3, 6, 6, 6, 5]",7,1,105.01884460449219
1502,"[6, 2, 2, 4, 1, 5]","[96, 96, 96, 96, 96, 96]","[4, 3, 3, 4, 6, 5]",6,2,8.696649551391602
1503,"[5, 4, 6, 2]","[160, 160, 160, 160]","[4, 6, 3, 3]",4,3,19.477108001708984
1504,"[5, 4, 4, 3, 2, 1]","[48, 48, 48, 48, 48, 48]","[4, 5, 6, 3, 4, 4]",6,4,1.7729661464691162
1505,"[4, 6, 6, 3, 4, 2, 6, 2]","[192, 192, 192, 192, 192, 192, 192, 192]","[5, 3, 6, 4, 4, 4, 3, 4]",8,5,82.66787719726562
1506,"[3, 6, 6, 2]","[128, 128, 128, 128]","[5, 3, 6, 3]",4,6,10.993929862976074
1507,"[1, 6, 3, 4, 6, 6]","[192, 192, 192, 192, 192, 192]","[6, 3, 5, 3, 5, 5]",6,7,56.12828063964844
1508,"[3, 4, 3, 1, 3, 5]","[64, 64, 64, 64, 64, 64]","[3, 6, 6, 5, 6, 5]",6,8,3.790668487548828
1509,"[6, 5, 2, 5, 4, 2, 2, 4, 6, 4]","[240, 240, 240, 240, 240, 240, 240, 240, 240, 240]","[4, 5, 5, 4, 4, 4, 3, 3, 3, 5]",10,9,141.1707763671875
1510,"[2, 5, 4, 2, 6, 5, 4, 4, 3]","[80, 80, 80, 80, 80, 80, 80, 80, 80]","[3, 5, 4, 5, 4, 3, 6, 5, 3]",9,10,13.951798439025879
1511,"[3, 1, 2, 2, 4, 1, 5, 5]","[144, 144, 144, 144, 144, 144, 144, 144]","[6, 6, 4, 3, 4, 3, 6, 4]",8,11,33.976158142089844
1512,"[3, 3, 1, 6]","[112, 112, 112, 112]","[3, 4, 3, 4]",4,12,8.170035362243652
1513,"[2, 6, 4, 5, 1, 1]","[144, 144, 144, 144, 144, 144]","[4, 4, 6, 3, 4, 6]",6,13,21.73169708251953
1514,"[6, 6, 2, 4, 6, 3, 2, 4, 5]","[96, 96, 96, 96, 96, 96, 96, 96, 96]","[3, 4, 4, 6, 3, 5, 4, 4, 4]",9,14,21.167314529418945
1515,"[4, 1, 6, 2, 6]","[96, 96, 96, 96, 96]","[4, 5, 4, 5, 4]",5,15,7.685871601104736
1516,"[4, 3, 5, 6, 3, 3, 5, 4]","[192, 192, 192, 192, 192, 192, 192, 192]","[3, 5, 6, 4, 4, 3, 6, 5]",8,16,80.5265121459961
1517,"[6, 5, 1, 2, 2, 2, 5, 1, 2, 3]","[32, 32, 32, 32, 32, 32, 32, 32, 32, 32]","[4, 3, 5, 5, 5, 5, 3, 4, 3, 6]",10,17,2.5920772552490234
1518,"[3, 5, 3, 1]","[64, 64, 64, 64]","[4, 3, 6, 6]",4,18,1.9669078588485718
1519,"[2, 1, 4, 2, 3, 2, 6, 4]","[80, 80, 80, 80, 80, 80, 80, 80]","[5, 3, 4, 4, 4, 3, 3, 5]",8,19,10.709632873535156
1520,"[3, 6, 3, 3, 3, 6, 6, 4]","[48, 48, 48, 48, 48, 48, 48, 48]","[5, 5, 5, 6, 5, 6, 3, 4]",8,0,4.355464458465576
1521,"[1, 6, 3, 2]","[128, 128, 128, 128]","[4, 5, 3, 3]",4,1,8.095874786376953
1522,"[1, 5, 2, 2, 5, 3, 6, 5, 3]","[176, 176, 176, 176, 176, 176, 176, 176, 176]","[5, 5, 5, 4, 3, 5, 3, 3, 5]",9,2,76.20450592041016
1523,"[1, 2, 5, 3, 5, 1, 2, 3, 4, 3]","[32, 32, 32, 32, 32, 32, 32, 32, 32, 32]","[5, 5, 6, 6, 3, 6, 6, 4, 3, 5]",10,3,2.320905923843384
1524,"[3, 1, 2, 4, 2, 3, 2, 1, 4, 3]","[176, 176, 176, 176, 176, 176, 176, 176, 176, 176]","[4, 3, 6, 5, 6, 4, 6, 6, 3, 5]",10,4,63.36634826660156
1525,"[6, 6, 2, 4, 4, 6, 6]","[144, 144, 144, 144, 144, 144, 144]","[6, 5, 4, 4, 5, 6, 3]",7,5,46.76537322998047
1526,"[5, 6, 4, 5, 1]","[176, 176, 176, 176, 176]","[5, 3, 5, 4, 4]",5,6,32.30717849731445
1527,"[1, 1, 5, 3, 3]","[112, 112, 112, 112, 112]","[4, 5, 3, 3, 4]",5,7,9.231732368469238
1528,"[4, 6, 3, 1, 1, 1, 6, 4, 6, 3]","[144, 144, 144, 144, 144, 144, 144, 144, 144, 144]","[3, 6, 4, 5, 5, 3, 6, 4, 4, 4]",10,8,49.48090362548828
1529,"[3, 6, 1, 4, 3]","[80, 80, 80, 80, 80]","[4, 6, 5, 4, 6]",5,9,3.8051705360412598
1530,"[1, 5, 1, 2, 1, 4, 4, 2, 2]","[64, 64, 64, 64, 64, 64, 64, 64, 64]","[5, 4, 4, 4, 5, 5, 3, 5, 4]",9,10,6.895699977874756
1531,"[2, 2, 5, 1]","[192, 192, 192, 192]","[5, 5, 6, 5]",4,11,23.677221298217773
1532,"[3, 2, 4, 3, 3, 2, 1]","[160, 160, 160, 160, 160, 160, 160]","[5, 6, 4, 3, 4, 6, 3]",7,12,34.79547882080078
1533,"[2, 4, 4, 3, 6, 6, 1, 1, 1]","[96, 96, 96, 96, 96, 96, 96, 96, 96]","[5, 6, 4, 3, 5, 3, 4, 3, 3]",9,13,14.608141899108887
1534,"[3, 6, 6, 1]","[128, 128, 128, 128]","[4, 5, 4, 6]",4,14,9.958308219909668
1535,"[1, 1, 6, 6, 1, 1, 2, 6]","[80, 80, 80, 80, 80, 80, 80, 80]","[4, 6, 5, 6, 4, 6, 4, 5]",8,15,8.31519603729248
1536,"[2, 1, 4, 6, 3, 2, 4]","[128, 128, 128, 128, 128, 128, 128]","[3, 6, 3, 3, 4, 5, 6]",7,16,27.316753387451172
1537,"[5, 2, 2, 4]","[96, 96, 96, 96]","[6, 3, 3, 5]",4,17,5.1206183433532715
1538,"[3, 3, 2, 4, 3, 5, 1, 3]","[64, 64, 64, 64, 64, 64, 64, 64]","[5, 5, 4, 3, 5, 6, 5, 4]",8,18,5.134147644042969
1539,"[6, 2, 1, 4]","[112, 112, 112, 112]","[6, 4, 6, 4]",4,19,7.109653949737549
1540,"[2, 5, 5, 5, 4, 6, 3, 1, 4]","[192, 192, 192, 192, 192, 192, 192, 192, 192]","[6, 6, 5, 3, 4, 4, 6, 6, 4]",9,0,83.29289245605469
1541,"[2, 6, 5, 6, 5, 5, 6, 6, 1, 6]","[144, 144, 144, 144, 144, 144, 144, 144, 144, 144]","[4, 3, 6, 3, 5, 3, 4, 5, 4, 3]",10,1,64.76837921142578
1542,"[5, 4, 1, 6, 5, 3, 2, 2, 4]","[96, 96, 96, 96, 96, 96, 96, 96, 96]","[3, 6, 5, 3, 5, 3, 4, 6, 6]",9,2,20.331769943237305
1543,"[2, 3, 1, 4, 6, 1, 4, 4, 2, 6]","[160, 160, 160, 160, 160, 160, 160, 160, 160, 160]","[6, 5, 4, 3, 6, 5, 4, 5, 5, 6]",10,3,68.10274505615234
1544,"[3, 6, 5, 4, 5, 3, 2]","[192, 192, 192, 192, 192, 192, 192]","[5, 4, 6, 3, 4, 5, 3]",7,4,66.74183654785156
1545,"[2, 3, 2, 4, 2, 6, 5, 2]","[240, 240, 240, 240, 240, 240, 240, 240]","[6, 5, 3, 4, 5, 3, 5, 4]",8,5,115.64974975585938
1546,"[6, 1, 1, 2, 6]","[128, 128, 128, 128, 128]","[6, 5, 4, 5, 4]",5,6,13.156766891479492
1547,"[6, 3, 2, 6, 3, 4, 3, 5, 3]","[80, 80, 80, 80, 80, 80, 80, 80, 80]","[6, 4, 6, 4, 4, 6, 5, 4, 5]",9,7,12.93899917602539
1548,"[2, 3, 4, 5, 3, 5]","[128, 128, 128, 128, 128, 128]","[6, 3, 5, 5, 6, 3]",6,8,20.58199691772461
1549,"[5, 4, 5, 3, 3, 2]","[240, 240, 240, 240, 240, 240]","[6, 5, 3, 3, 5, 5]",6,9,74.04454040527344
1550,"[5, 2, 4, 2, 2, 4, 6]","[96, 96, 96, 96, 96, 96, 96]","[5, 6, 6, 4, 3, 6, 4]",7,10,15.501734733581543
1551,"[3, 4, 4, 3]","[176, 176, 176, 176]","[3, 6, 5, 5]",4,11,22.918418884277344
1552,"[6, 3, 4, 2, 2, 5, 1]","[176, 176, 176, 176, 176, 176, 176]","[6, 6, 5, 5, 3, 3, 4]",7,12,44.244163513183594
1553,"[3, 3, 5, 1, 6, 6]","[144, 144, 144, 144, 144, 144]","[5, 3, 3, 5, 6, 4]",6,13,26.047435760498047
1554,"[2, 3, 6, 5, 1]","[128, 128, 128, 128, 128]","[5, 3, 4, 6, 3]",5,14,14.829801559448242
1555,"[4, 3, 1, 6, 3, 1, 4]","[32, 32, 32, 32, 32, 32, 32]","[4, 5, 5, 6, 6, 3, 6]",7,15,1.3440626859664917
1556,"[5, 2, 6, 4, 3, 6]","[128, 128, 128, 128, 128, 128]","[4, 5, 4, 3, 3, 6]",6,16,21.64854621887207
1557,"[2, 6, 4, 6, 5, 2, 1, 6, 5, 6]","[160, 160, 160, 160, 160, 160, 160, 160, 160, 160]","[6, 3, 5, 3, 5, 4, 3, 5, 5, 3]",10,17,63.03646469116211
1558,"[6, 2, 5, 1, 3]","[48, 48, 48, 48, 48]","[3, 5, 3, 5, 5]",5,18,1.5849909782409668
1559,"[1, 5, 1, 4, 4, 5, 2, 2]","[192, 192, 192, 192, 192, 192, 192, 192]","[6, 4, 5, 4, 6, 6, 4, 6]",8,19,61.452484130859375
1560,"[1, 5, 4, 4, 5, 5, 5, 4, 1]","[160, 160, 160, 160, 160, 160, 160, 160, 160]","[4, 5, 3, 5, 4, 4, 4, 5, 5]",9,0,60.710899353027344
1561,"[2, 5, 4, 5, 4, 5, 1, 5]","[96, 96, 96, 96, 96, 96, 96, 96]","[4, 6, 4, 4, 4, 5, 6, 6]",8,1,13.692855834960938
1562,"[2, 3, 6, 5, 4, 6, 1]","[112, 112, 112, 112, 112, 112, 112]","[5, 4, 4, 3, 6, 3, 3]",7,2,18.784780502319336
1563,"[4, 4, 2, 5, 2, 2, 4, 6]","[80, 80, 80, 80, 80, 80, 80, 80]","[3, 6, 5, 4, 5, 3, 3, 3]",8,3,10.413517951965332
1564,"[1, 6, 1, 5, 1]","[128, 128, 128, 128, 128]","[4, 5, 3, 5, 3]",5,4,11.739739418029785
1565,"[2, 6, 5, 4, 2, 5, 6, 6, 2, 3]","[32, 32, 32, 32, 32, 32, 32, 32, 32, 32]","[5, 4, 3, 4, 5, 6, 5, 4, 4, 4]",10,5,3.0942723751068115
1566,"[4, 4, 2, 2, 2, 6, 2, 6, 6, 4]","[176, 176, 176, 176, 176, 176, 176, 176, 176, 176]","[4, 6, 5, 6, 3, 5, 5, 3, 3, 6]",10,6,76.16209411621094
1567,"[4, 2, 1, 2, 2, 2, 6, 6, 3, 3]","[240, 240, 240, 240, 240, 240, 240, 240, 240, 240]","[5, 4, 3, 6, 6, 4, 4, 3, 5, 4]",10,7,131.85536193847656
1568,"[3, 1, 4, 4]","[48, 48, 48, 48]","[5, 4, 5, 5]",4,8,1.4472419023513794
1569,"[4, 4, 3, 1, 2, 6, 6, 5]","[48, 48, 48, 48, 48, 48, 48, 48]","[4, 6, 5, 5, 4, 5, 6, 4]",8,9,4.153625965118408
1570,"[5, 4, 2, 3, 4]","[176, 176, 176, 176, 176]","[3, 6, 6, 4, 5]",5,10,29.08741569519043
1571,"[1, 6, 1, 2, 4, 5, 6, 6]","[96, 96, 96, 96, 96, 96, 96, 96]","[5, 6, 4, 4, 4, 4, 5, 5]",8,11,18.025360107421875
1572,"[6, 5, 5, 6, 1, 1]","[176, 176, 176, 176, 176, 176]","[6, 4, 3, 3, 4, 4]",6,12,38.83262252807617
1573,"[4, 5, 1, 2]","[192, 192, 192, 192]","[6, 6, 3, 3]",4,13,21.41205406188965
1574,"[2, 1, 5, 5, 4, 1, 2]","[64, 64, 64, 64, 64, 64, 64]","[4, 5, 6, 4, 6, 4, 3]",7,14,5.242603778839111
1575,"[3, 5, 5, 3, 6, 5]","[32, 32, 32, 32, 32, 32]","[3, 4, 4, 4, 4, 5]",6,15,1.0689477920532227
1576,"[5, 1, 4, 2, 1, 6, 4]","[112, 112, 112, 112, 112, 112, 112]","[5, 3, 6, 6, 6, 5, 3]",7,16,20.629722595214844
1577,"[2, 4, 3, 6, 3]","[48, 48, 48, 48, 48]","[3, 5, 5, 6, 4]",5,17,1.7219966650009155
1578,"[1, 1, 2, 4, 2, 1, 6, 5, 5]","[96, 96, 96, 96, 96, 96, 96, 96, 96]","[6, 4, 4, 6, 4, 4, 5, 3, 5]",9,18,20.296321868896484
1579,"[2, 1, 6, 6, 6, 1]","[160, 160, 160, 160, 160, 160]","[6, 5, 6, 3, 3, 6]",6,19,33.61048126220703
1580,"[4, 2, 6, 2, 6, 2]","[64, 64, 64, 64, 64, 64]","[6, 6, 3, 4, 4, 3]",6,0,3.924802541732788
1581,"[2, 3, 5, 5]","[192, 192, 192, 192]","[4, 5, 4, 6]",4,1,35.41325759887695
1582,"[5, 2, 2, 1, 4]","[144, 144, 144, 144, 144]","[5, 6, 5, 3, 4]",5,2,14.44530200958252
1583,"[4, 5, 1, 2, 4, 2, 4, 5, 5, 6]","[96, 96, 96, 96, 96, 96, 96, 96, 96, 96]","[4, 3, 4, 3, 5, 6, 5, 3, 6, 6]",10,3,26.856979370117188
1584,"[4, 1, 2, 3, 5, 1, 3]","[160, 160, 160, 160, 160, 160, 160]","[5, 5, 6, 4, 4, 5, 5]",7,4,37.130428314208984
1585,"[3, 4, 3, 1, 1, 6, 5, 4, 3]","[240, 240, 240, 240, 240, 240, 240, 240, 240]","[3, 6, 4, 5, 5, 4, 4, 5, 3]",9,5,119.87918853759766
1586,"[3, 1, 3, 6, 5, 2, 6]","[176, 176, 176, 176, 176, 176, 176]","[4, 6, 3, 5, 6, 6, 4]",7,6,61.51469421386719
1587,"[1, 6, 3, 4, 2, 5, 6, 3, 5]","[112, 112, 112, 112, 112, 112, 112, 112, 112]","[5, 6, 3, 4, 5, 5, 5, 6, 5]",9,7,30.323822021484375
1588,"[2, 3, 5, 1, 6, 4, 6, 5, 1]","[128, 128, 128, 128, 128, 128, 128, 128, 128]","[3, 3, 3, 6, 4, 3, 4, 5, 5]",9,8,31.19269371032715
1589,"[4, 4, 2, 5, 6, 5, 1, 6, 5]","[240, 240, 240, 240, 240, 240, 240, 240, 240]","[5, 4, 3, 3, 4, 4, 6, 4, 6]",9,9,129.32228088378906
1590,"[1, 2, 4, 4]","[192, 192, 192, 192]","[5, 3, 4, 5]",4,10,28.939035415649414
1591,"[5, 1, 2, 3, 5, 2, 1, 1, 4, 3]","[96, 96, 96, 96, 96, 96, 96, 96, 96, 96]","[3, 5, 4, 3, 5, 5, 4, 5, 3, 5]",10,11,18.40067481994629
1592,"[2, 4, 1, 5]","[32, 32, 32, 32]","[4, 5, 6, 5]",4,12,0.6459116339683533
1593,"[1, 4, 5, 1]","[48, 48, 48, 48]","[6, 4, 4, 3]",4,13,1.3033158779144287
1594,"[6, 5, 4, 5, 5]","[128, 128, 128, 128, 128]","[4, 4, 4, 5, 3]",5,14,18.00782012939453
1595,"[1, 4, 3, 4, 3, 4]","[48, 48, 48, 48, 48, 48]","[6, 5, 4, 4, 4, 6]",6,15,1.998611569404602
1596,"[3, 4, 1, 5, 6, 1, 3, 4, 5, 3]","[80, 80, 80, 80, 80, 80, 80, 80, 80, 80]","[3, 3, 6, 4, 4, 5, 3, 6, 5, 6]",10,16,15.164112091064453
1597,"[2, 6, 3, 4, 1, 2, 1, 5, 1, 2]","[48, 48, 48, 48, 48, 48, 48, 48, 48, 48]","[4, 5, 3, 5, 5, 6, 6, 6, 4, 4]",10,17,3.7381303310394287
1598,"[3, 6, 5, 1, 1, 4, 4, 1, 4]","[144, 144, 144, 144, 144, 144, 144, 144, 144]","[5, 6, 5, 6, 6, 5, 3, 3, 4]",9,18,40.61222839355469
1599,"[5, 2, 3, 3, 6, 1]","[64, 64, 64, 64, 64, 64]","[5, 6, 6, 4, 6, 4]",6,19,3.633781671524048
1600,"[1, 5, 4, 3, 5]","[112, 112, 112, 112, 112]","[4, 6, 3, 6, 5]",5,0,10.3760986328125
1601,"[4, 6, 3, 6, 1, 5, 5, 3]","[48, 48, 48, 48, 48, 48, 48, 48]","[6, 6, 3, 3, 4, 6, 5, 4]",8,1,4.112936496734619
1602,"[6, 1, 5, 6, 2, 5, 6, 4]","[80, 80, 80, 80, 80, 80, 80, 80]","[3, 4, 6, 6, 3, 4, 3, 3]",8,2,12.504190444946289
1603,"[6, 5, 3, 2, 4]","[160, 160, 160, 160, 160]","[5, 5, 5, 3, 5]",5,3,22.010976791381836
1604,"[1, 1, 1, 2]","[176, 176, 176, 176]","[6, 6, 6, 6]",4,4,13.283122062683105
1605,"[4, 3, 2, 5, 1]","[176, 176, 176, 176, 176]","[4, 6, 3, 4, 6]",5,5,28.222841262817383
1606,"[5, 2, 1, 3]","[176, 176, 176, 176]","[5, 3, 4, 3]",4,6,18.922534942626953
1607,"[3, 5, 3, 1, 1, 2, 2]","[160, 160, 160, 160, 160, 160, 160]","[6, 4, 6, 5, 5, 6, 4]",7,7,33.536495208740234
1608,"[6, 2, 6, 4, 4]","[48, 48, 48, 48, 48]","[4, 3, 3, 4, 6]",5,8,1.9573674201965332
1609,"[6, 2, 2, 6, 1, 2, 2, 1, 3, 1]","[32, 32, 32, 32, 32, 32, 32, 32, 32, 32]","[6, 3, 3, 6, 5, 6, 4, 3, 3, 5]",10,9,1.905014991760254
1610,"[2, 4, 5, 3, 3, 2, 3]","[128, 128, 128, 128, 128, 128, 128]","[5, 4, 5, 6, 6, 5, 4]",7,10,24.949390411376953
1611,"[3, 4, 6, 2, 6, 4, 5, 5, 4]","[176, 176, 176, 176, 176, 176, 176, 176, 176]","[3, 3, 5, 3, 4, 3, 4, 5, 6]",9,11,77.1157455444336
1612,"[4, 5, 5, 3, 5, 4, 5]","[176, 176, 176, 176, 176, 176, 176]","[5, 6, 3, 3, 5, 6, 4]",7,12,63.63417053222656
1613,"[6, 6, 2, 2, 5, 5]","[112, 112, 112, 112, 112, 112]","[6, 4, 4, 3, 6, 4]",6,13,16.15159797668457
1614,"[2, 3, 2, 5, 4, 1, 5, 1, 4]","[32, 32, 32, 32, 32, 32, 32, 32, 32]","[3, 5, 3, 3, 3, 4, 4, 4, 4]",9,14,1.9771814346313477
1615,"[1, 5, 6, 5, 1]","[64, 64, 64, 64, 64]","[6, 4, 4, 6, 4]",5,15,3.1031196117401123
1616,"[6, 1, 3, 4, 4, 4, 2, 1, 5, 5]","[128, 128, 128, 128, 128, 128, 128, 128, 128, 128]","[3, 3, 6, 5, 3, 3, 3, 6, 4, 4]",10,16,41.93763732910156
1617,"[1, 4, 5, 6, 5, 5, 2, 3]","[96, 96, 96, 96, 96, 96, 96, 96]","[6, 3, 4, 4, 3, 5, 4, 4]",8,17,15.18828296661377
1618,"[2, 3, 5, 2]","[64, 64, 64, 64]","[5, 6, 4, 4]",4,18,2.252462863922119
1619,"[2, 6, 5, 4]","[128, 128, 128, 128]","[5, 3, 4, 5]",4,19,12.267145156860352
1620,"[5, 1, 5, 3]","[96, 96, 96, 96]","[5, 4, 4, 5]",4,0,5.747824668884277
1621,"[2, 2, 6, 1, 1, 5, 1, 6]","[112, 112, 112, 112, 112, 112, 112, 112]","[6, 4, 5, 3, 3, 5, 3, 5]",8,1,17.60074234008789
1622,"[3, 1, 5, 2, 1, 5, 4, 2, 1]","[144, 144, 144, 144, 144, 144, 144, 144, 144]","[5, 5, 5, 4, 6, 3, 6, 3, 5]",9,2,37.918365478515625
1623,"[1, 5, 4, 5, 3]","[64, 64, 64, 64, 64]","[4, 3, 5, 3, 3]",5,3,3.1980550289154053
1624,"[6, 3, 4, 4, 2]","[96, 96, 96, 96, 96]","[6, 5, 4, 3, 6]",5,4,6.811774253845215
1625,"[6, 6, 2, 1, 5]","[64, 64, 64, 64, 64]","[5, 3, 3, 4, 3]",5,5,2.7392263412475586
1626,"[2, 4, 3, 3, 1]","[128, 128, 128, 128, 128]","[6, 5, 5, 4, 5]",5,6,10.190631866455078
1627,"[6, 5, 2, 3, 2, 4, 6, 2, 3]","[48, 48, 48, 48, 48, 48, 48, 48, 48]","[6, 3, 4, 4, 3, 5, 5, 4, 4]",9,7,4.600462436676025
1628,"[6, 1, 6, 5, 1, 6, 3]","[160, 160, 160, 160, 160, 160, 160]","[4, 6, 6, 6, 3, 3, 3]",7,8,50.75479507446289
1629,"[6, 6, 2, 2, 3, 6, 5, 5, 2, 4]","[32, 32, 32, 32, 32, 32, 32, 32, 32, 32]","[4, 6, 5, 3, 4, 3, 4, 5, 3, 6]",10,9,3.0269482135772705
1630,"[2, 1, 5, 6, 4, 3, 4, 2, 2]","[128, 128, 128, 128, 128, 128, 128, 128, 128]","[3, 5, 4, 4, 6, 4, 5, 3, 6]",9,10,32.737491607666016
1631,"[6, 6, 6, 5, 1, 2]","[32, 32, 32, 32, 32, 32]","[4, 5, 4, 4, 3, 3]",6,11,0.9834633469581604
1632,"[6, 2, 1, 2]","[192, 192, 192, 192]","[4, 4, 3, 5]",4,12,21.45161247253418
1633,"[5, 3, 2, 6]","[64, 64, 64, 64]","[5, 6, 4, 5]",4,13,2.554438591003418
1634,"[5, 4, 2, 1]","[160, 160, 160, 160]","[5, 6, 4, 4]",4,14,12.98165225982666
1635,"[1, 6, 5, 1, 1, 6, 5]","[128, 128, 128, 128, 128, 128, 128]","[5, 5, 5, 3, 4, 3, 5]",7,15,26.833354949951172
1636,"[6, 2, 4, 6, 6, 2, 4]","[240, 240, 240, 240, 240, 240, 240]","[4, 4, 4, 5, 5, 4, 3]",7,16,118.43375396728516
1637,"[4, 3, 3, 4]","[80, 80, 80, 80]","[4, 4, 4, 6]",4,17,3.6073997020721436
1638,"[1, 3, 1, 4, 2, 4, 1, 4]","[96, 96, 96, 96, 96, 96, 96, 96]","[6, 4, 5, 5, 5, 5, 6, 6]",8,18,11.077024459838867
1639,"[5, 2, 1, 6, 6, 5, 2, 5, 6, 5]","[48, 48, 48, 48, 48, 48, 48, 48, 48, 48]","[5, 4, 3, 6, 3, 5, 6, 5, 6, 6]",10,19,6.703021049499512
1640,"[3, 3, 4, 3, 3, 5, 1, 1, 3]","[144, 144, 144, 144, 144, 144, 144, 144, 144]","[4, 6, 6, 3, 4, 6, 4, 6, 5]",9,0,36.988067626953125
1641,"[1, 3, 2, 5, 3, 5]","[80, 80, 80, 80, 80, 80]","[3, 3, 4, 3, 6, 5]",6,1,6.097077369689941
1642,"[6, 2, 2, 2, 6]","[96, 96, 96, 96, 96]","[6, 3, 5, 6, 5]",5,2,6.971640110015869
1643,"[2, 6, 1, 2, 3]","[96, 96, 96, 96, 96]","[6, 6, 5, 5, 5]",5,3,5.10851526260376
1644,"[1, 2, 3, 5, 1]","[64, 64, 64, 64, 64]","[6, 4, 5, 3, 6]",5,4,2.5462069511413574
1645,"[1, 6, 4, 5, 1, 3, 6, 2, 3]","[64, 64, 64, 64, 64, 64, 64, 64, 64]","[3, 5, 5, 3, 3, 6, 3, 6, 4]",9,5,9.529820442199707
1646,"[5, 3, 1, 2, 3, 5, 2, 6, 1, 5]","[64, 64, 64, 64, 64, 64, 64, 64, 64, 64]","[4, 6, 6, 5, 6, 5, 3, 5, 5, 4]",10,6,9.197444915771484
1647,"[1, 6, 3, 1, 3, 4]","[80, 80, 80, 80, 80, 80]","[4, 4, 5, 5, 3, 5]",6,7,5.2457804679870605
1648,"[6, 5, 6, 5, 2, 3, 2, 4]","[48, 48, 48, 48, 48, 48, 48, 48]","[5, 4, 4, 5, 3, 4, 5, 4]",8,8,3.248284339904785
1649,"[3, 1, 3, 6, 5]","[240, 240, 240, 240, 240]","[4, 5, 5, 4, 5]",5,9,68.40116119384766
1650,"[5, 3, 1, 3]","[80, 80, 80, 80]","[4, 6, 3, 3]",4,10,2.833500623703003
1651,"[5, 4, 4, 6, 3, 4, 1, 6]","[160, 160, 160, 160, 160, 160, 160, 160]","[3, 4, 3, 3, 6, 6, 6, 5]",8,11,47.002071380615234
1652,"[3, 2, 6, 1, 1]","[144, 144, 144, 144, 144]","[6, 4, 4, 3, 5]",5,12,13.656768798828125
1653,"[6, 2, 2, 3, 5, 1, 5]","[32, 32, 32, 32, 32, 32, 32]","[6, 5, 4, 3, 4, 5, 6]",7,13,1.5254464149475098
1654,"[1, 2, 3, 3]","[80, 80, 80, 80]","[4, 6, 5, 6]",4,14,3.0417470932006836
1655,"[3, 4, 2, 4, 1, 3, 5, 1]","[64, 64, 64, 64, 64, 64, 64, 64]","[4, 4, 4, 4, 3, 5, 6, 5]",8,15,6.6009626388549805
1656,"[6, 6, 4, 1, 1, 2, 6, 4, 3, 6]","[144, 144, 144, 144, 144, 144, 144, 144, 144, 144]","[3, 4, 5, 4, 4, 6, 6, 5, 6, 4]",10,16,53.77790832519531
1657,"[5, 6, 3, 4]","[48, 48, 48, 48]","[4, 5, 3, 6]",4,17,1.4918978214263916
1658,"[5, 5, 5, 3, 5, 3, 1, 1, 5, 6]","[96, 96, 96, 96, 96, 96, 96, 96, 96, 96]","[6, 5, 5, 5, 3, 3, 5, 3, 4, 5]",10,18,23.246889114379883
1659,"[1, 3, 1, 1, 1, 1, 6, 2]","[128, 128, 128, 128, 128, 128, 128, 128]","[3, 6, 3, 5, 6, 3, 5, 5]",8,19,25.00484848022461
1660,"[4, 2, 2, 1, 2, 3]","[48, 48, 48, 48, 48, 48]","[4, 6, 5, 3, 5, 6]",6,0,1.5771846771240234
1661,"[6, 4, 1, 2, 1, 6]","[240, 240, 240, 240, 240, 240]","[3, 4, 3, 6, 4, 3]",6,1,70.92814636230469
1662,"[5, 1, 3, 6, 3]","[128, 128, 128, 128, 128]","[3, 5, 4, 3, 4]",5,2,15.122126579284668
1663,"[5, 5, 5, 3]","[240, 240, 240, 240]","[6, 6, 3, 6]",4,3,56.441680908203125
1664,"[1, 6, 4, 6, 3, 1, 1]","[160, 160, 160, 160, 160, 160, 160]","[6, 6, 6, 5, 5, 5, 6]",7,4,36.81636428833008
1665,"[4, 2, 1, 2, 4]","[192, 192, 192, 192, 192]","[3, 6, 6, 4, 3]",5,5,30.783266067504883
1666,"[1, 2, 1, 2]","[112, 112, 112, 112]","[5, 6, 3, 5]",4,6,4.723649978637695
1667,"[5, 6, 1, 6, 6, 6, 3, 4, 3, 2]","[96, 96, 96, 96, 96, 96, 96, 96, 96, 96]","[4, 4, 6, 6, 5, 4, 4, 6, 5, 5]",10,7,26.075918197631836
1668,"[5, 1, 2, 5, 5, 1, 2, 4, 4]","[144, 144, 144, 144, 144, 144, 144, 144, 144]","[3, 6, 6, 3, 3, 3, 5, 4, 5]",9,8,44.76819610595703
1669,"[6, 5, 5, 6, 3]","[64, 64, 64, 64, 64]","[6, 3, 5, 3, 5]",5,9,3.5978095531463623
1670,"[5, 2, 2, 4, 6, 1, 3, 1, 3, 2]","[160, 160, 160, 160, 160, 160, 160, 160, 160, 160]","[4, 6, 4, 3, 3, 3, 4, 5, 4, 4]",10,10,58.906776428222656
1671,"[6, 1, 1, 1, 2]","[240, 240, 240, 240, 240]","[5, 3, 4, 6, 6]",5,11,40.660587310791016
1672,"[4, 3, 3, 3, 5]","[112, 112, 112, 112, 112]","[5, 3, 4, 4, 3]",5,12,10.559293746948242
1673,"[6, 1, 3, 2, 2, 2, 2]","[240, 240, 240, 240, 240, 240, 240]","[3, 5, 3, 3, 4, 6, 5]",7,13,84.02505493164062
1674,"[4, 3, 1, 6, 2, 2]","[176, 176, 176, 176, 176, 176]","[3, 4, 4, 4, 3, 4]",6,14,37.23760986328125
1675,"[3, 5, 5, 3, 2, 6, 1, 1]","[160, 160, 160, 160, 160, 160, 160, 160]","[3, 4, 3, 3, 3, 6, 6, 4]",8,15,40.15745544433594
1676,"[5, 1, 2, 5, 3, 3, 5, 5, 2]","[112, 112, 112, 112, 112, 112, 112, 112, 112]","[4, 6, 3, 6, 4, 3, 6, 5, 5]",9,16,27.432199478149414
1677,"[3, 2, 5, 5, 4, 2, 1]","[80, 80, 80, 80, 80, 80, 80]","[3, 6, 5, 6, 5, 3, 3]",7,17,7.084980487823486
1678,"[1, 4, 4, 1, 1]","[160, 160, 160, 160, 160]","[3, 3, 4, 4, 5]",5,18,16.08807373046875
1679,"[3, 4, 3, 5, 5, 3]","[96, 96, 96, 96, 96, 96]","[5, 4, 5, 5, 3, 5]",6,19,10.072507858276367
1680,"[1, 4, 5, 5, 3, 3, 4, 6, 2]","[48, 48, 48, 48, 48, 48, 48, 48, 48]","[4, 3, 4, 3, 5, 5, 3, 4, 5]",9,0,4.798877239227295
1681,"[6, 4, 5, 5, 6, 3]","[176, 176, 176, 176, 176, 176]","[6, 6, 5, 5, 4, 3]",6,1,47.36869430541992
1682,"[4, 3, 1, 3, 5, 1, 1, 4, 4, 2]","[176, 176, 176, 176, 176, 176, 176, 176, 176, 176]","[5, 6, 4, 5, 6, 3, 4, 3, 3, 4]",10,2,60.29352951049805
1683,"[3, 2, 4, 6, 3, 1, 2, 6]","[192, 192, 192, 192, 192, 192, 192, 192]","[6, 6, 6, 3, 4, 3, 4, 5]",8,3,65.56285095214844
1684,"[4, 4, 4, 3, 6, 1]","[48, 48, 48, 48, 48, 48]","[6, 3, 6, 4, 4, 3]",6,4,2.033564567565918
1685,"[3, 6, 1, 3, 5, 2, 2, 3]","[80, 80, 80, 80, 80, 80, 80, 80]","[6, 3, 3, 5, 4, 4, 4, 3]",8,5,8.038208961486816
1686,"[5, 1, 3, 5]","[80, 80, 80, 80]","[4, 3, 3, 3]",4,6,3.84785532951355
1687,"[3, 4, 6, 4, 3]","[128, 128, 128, 128, 128]","[4, 3, 5, 5, 5]",5,7,15.2604398727417
1688,"[3, 3, 4, 1, 6, 4, 5]","[96, 96, 96, 96, 96, 96, 96]","[4, 5, 3, 4, 4, 3, 5]",7,8,14.759176254272461
1689,"[5, 3, 6, 1, 5, 5, 6]","[48, 48, 48, 48, 48, 48, 48]","[5, 6, 5, 5, 4, 3, 5]",7,9,4.105281352996826
1690,"[6, 6, 5, 4, 1]","[32, 32, 32, 32, 32]","[6, 5, 3, 4, 3]",5,10,0.8321163654327393
1691,"[3, 4, 4, 6, 4, 5, 1, 6, 2]","[96, 96, 96, 96, 96, 96, 96, 96, 96]","[6, 3, 3, 6, 5, 3, 4, 3, 5]",9,11,17.331645965576172
1692,"[5, 4, 5, 5, 2, 5, 3, 4, 2, 6]","[128, 128, 128, 128, 128, 128, 128, 128, 128, 128]","[4, 6, 3, 5, 5, 4, 5, 4, 4, 4]",10,12,44.670753479003906
1693,"[4, 5, 4, 3, 6, 2, 5, 5, 3]","[192, 192, 192, 192, 192, 192, 192, 192, 192]","[6, 3, 4, 3, 4, 6, 3, 6, 5]",9,13,90.75315856933594
1694,"[1, 2, 3, 5, 6, 5, 1, 5, 5, 4]","[128, 128, 128, 128, 128, 128, 128, 128, 128, 128]","[4, 5, 4, 6, 4, 5, 6, 3, 4, 6]",10,14,41.58140182495117
1695,"[6, 2, 6, 6, 1, 5, 2]","[160, 160, 160, 160, 160, 160, 160]","[3, 6, 5, 4, 5, 5, 4]",7,15,45.650856018066406
1696,"[2, 2, 4, 4, 4, 2, 1]","[144, 144, 144, 144, 144, 144, 144]","[6, 4, 6, 4, 4, 3, 3]",7,16,27.493417739868164
1697,"[3, 5, 1, 4, 3, 1, 5]","[160, 160, 160, 160, 160, 160, 160]","[3, 4, 6, 3, 3, 6, 4]",7,17,47.18004608154297
1698,"[1, 3, 1, 4, 2, 2, 4, 3, 1, 4]","[96, 96, 96, 96, 96, 96, 96, 96, 96, 96]","[6, 6, 4, 3, 4, 5, 5, 4, 5, 5]",10,18,17.959842681884766
1699,"[5, 2, 5, 4, 1, 1, 6, 5, 3, 2]","[32, 32, 32, 32, 32, 32, 32, 32, 32, 32]","[6, 5, 5, 5, 3, 6, 6, 5, 3, 3]",10,19,3.0595877170562744
1700,"[6, 6, 6, 5]","[32, 32, 32, 32]","[3, 4, 6, 4]",4,0,0.8679341077804565
1701,"[4, 4, 4, 2, 3, 4, 5, 4, 3]","[32, 32, 32, 32, 32, 32, 32, 32, 32]","[3, 4, 3, 6, 5, 4, 3, 3, 6]",9,1,2.1088063716888428
1702,"[5, 2, 3, 1, 5, 4, 4, 6]","[80, 80, 80, 80, 80, 80, 80, 80]","[3, 3, 6, 5, 3, 6, 4, 5]",8,2,11.174337387084961
1703,"[2, 4, 4, 2, 5, 4]","[64, 64, 64, 64, 64, 64]","[3, 6, 3, 3, 4, 3]",6,3,4.091512203216553
1704,"[5, 5, 4, 3, 1, 6, 3]","[32, 32, 32, 32, 32, 32, 32]","[5, 6, 3, 5, 3, 5, 5]",7,4,1.3220733404159546
1705,"[6, 2, 4, 6, 6, 4]","[32, 32, 32, 32, 32, 32]","[6, 3, 4, 5, 6, 4]",6,5,1.0768158435821533
1706,"[3, 2, 6, 6, 2, 4, 1]","[48, 48, 48, 48, 48, 48, 48]","[5, 6, 4, 4, 5, 3, 6]",7,6,2.567365884780884
1707,"[6, 6, 2, 2, 6]","[160, 160, 160, 160, 160]","[3, 4, 4, 3, 5]",5,7,23.950223922729492
1708,"[5, 6, 6, 2, 6, 4, 4, 3, 5, 5]","[64, 64, 64, 64, 64, 64, 64, 64, 64, 64]","[6, 6, 5, 3, 3, 6, 3, 6, 6, 3]",10,8,12.340532302856445
1709,"[5, 6, 6, 6, 1, 3, 5]","[240, 240, 240, 240, 240, 240, 240]","[4, 4, 4, 5, 5, 5, 5]",7,9,130.7255401611328
1710,"[1, 5, 4, 5, 5, 3, 5, 4]","[144, 144, 144, 144, 144, 144, 144, 144]","[3, 5, 6, 6, 4, 3, 4, 4]",8,10,41.48710250854492
1711,"[5, 3, 2, 6, 2, 5, 4, 5, 5, 5]","[192, 192, 192, 192, 192, 192, 192, 192, 192, 192]","[5, 5, 3, 4, 3, 6, 4, 6, 4, 6]",10,11,94.44723510742188
1712,"[6, 2, 1, 3, 2, 1, 6, 6, 6, 1]","[176, 176, 176, 176, 176, 176, 176, 176, 176, 176]","[5, 6, 4, 4, 6, 5, 3, 5, 6, 4]",10,12,75.6257553100586
1713,"[6, 6, 5, 2, 2, 5, 3, 2]","[160, 160, 160, 160, 160, 160, 160, 160]","[5, 3, 6, 4, 5, 6, 6, 6]",8,13,45.30959701538086
1714,"[3, 3, 5, 5, 6, 4, 1, 5, 1, 5]","[80, 80, 80, 80, 80, 80, 80, 80, 80, 80]","[5, 6, 6, 3, 3, 5, 3, 5, 4, 4]",10,14,13.560654640197754
1715,"[5, 6, 5, 4, 3, 2, 3]","[144, 144, 144, 144, 144, 144, 144]","[5, 5, 4, 6, 3, 6, 3]",7,15,36.19476318359375
1716,"[6, 3, 6, 6]","[192, 192, 192, 192]","[5, 5, 6, 4]",4,16,42.732635498046875
1717,"[6, 2, 1, 6, 4, 6, 1]","[160, 160, 160, 160, 160, 160, 160]","[5, 3, 4, 3, 5, 6, 6]",7,17,42.94307327270508
1718,"[1, 6, 4, 5, 5, 3]","[112, 112, 112, 112, 112, 112]","[5, 6, 6, 4, 5, 4]",6,18,15.371484756469727
1719,"[1, 2, 1, 5, 3, 2, 6, 3]","[176, 176, 176, 176, 176, 176, 176, 176]","[6, 5, 3, 6, 3, 5, 5, 5]",8,19,56.564308166503906
1720,"[6, 6, 1, 2, 5, 3, 5]","[96, 96, 96, 96, 96, 96, 96]","[4, 3, 6, 3, 3, 4, 5]",7,0,16.307716369628906
1721,"[2, 6, 5, 5, 1, 4, 1, 5, 5, 6]","[64, 64, 64, 64, 64, 64, 64, 64, 64, 64]","[5, 4, 6, 5, 3, 3, 4, 5, 5, 6]",10,1,10.449432373046875
1722,"[5, 1, 6, 2, 3, 6]","[240, 240, 240, 240, 240, 240]","[4, 6, 3, 4, 3, 6]",6,2,87.68434143066406
1723,"[1, 3, 4, 1, 6, 2, 4, 5, 5, 3]","[64, 64, 64, 64, 64, 64, 64, 64, 64, 64]","[5, 6, 4, 6, 4, 5, 3, 5, 6, 3]",10,3,12.528255462646484
1724,"[1, 6, 1, 2, 4, 5, 4, 2, 1]","[128, 128, 128, 128, 128, 128, 128, 128, 128]","[3, 4, 3, 4, 3, 4, 5, 5, 6]",9,4,30.72090721130371
1725,"[3, 1, 3, 4, 2, 1, 5, 4]","[144, 144, 144, 144, 144, 144, 144, 144]","[5, 5, 6, 5, 5, 6, 5, 4]",8,5,36.384971618652344
1726,"[1, 6, 4, 6]","[160, 160, 160, 160]","[6, 6, 3, 6]",4,6,23.283124923706055
1727,"[3, 1, 3, 5, 4]","[112, 112, 112, 112, 112]","[4, 4, 3, 3, 5]",5,7,10.688212394714355
1728,"[5, 1, 4, 2, 5, 2]","[48, 48, 48, 48, 48, 48]","[6, 3, 6, 3, 5, 4]",6,8,1.914223313331604
1729,"[5, 4, 1, 3, 4]","[160, 160, 160, 160, 160]","[6, 6, 5, 5, 6]",5,9,21.887605667114258
1730,"[1, 3, 1, 1, 1, 6, 2]","[32, 32, 32, 32, 32, 32, 32]","[5, 3, 3, 3, 3, 6, 4]",7,10,1.009806752204895
1731,"[5, 6, 4, 5, 5, 6, 5, 1, 6]","[80, 80, 80, 80, 80, 80, 80, 80, 80]","[4, 3, 3, 4, 4, 4, 3, 5, 4]",9,11,16.39375877380371
1732,"[3, 5, 3, 3, 1, 6, 3]","[96, 96, 96, 96, 96, 96, 96]","[4, 5, 3, 6, 6, 6, 3]",7,12,13.85281753540039
1733,"[4, 6, 1, 2, 2, 2, 2, 6]","[144, 144, 144, 144, 144, 144, 144, 144]","[3, 4, 5, 3, 3, 3, 3, 5]",8,13,33.25984573364258
1734,"[5, 3, 3, 6, 3]","[176, 176, 176, 176, 176]","[5, 5, 4, 3, 4]",5,14,34.666015625
1735,"[6, 2, 6, 3, 2, 3, 2, 2, 2, 6]","[128, 128, 128, 128, 128, 128, 128, 128, 128, 128]","[3, 5, 5, 4, 4, 5, 5, 4, 5, 3]",10,15,41.17109298706055
1736,"[2, 5, 5, 2, 4]","[112, 112, 112, 112, 112]","[5, 4, 6, 5, 3]",5,16,9.860942840576172
1737,"[1, 4, 5, 3, 4, 3, 1]","[48, 48, 48, 48, 48, 48, 48]","[5, 3, 3, 5, 3, 5, 4]",7,17,2.4156131744384766
1738,"[2, 4, 6, 6, 5, 1, 3, 2]","[128, 128, 128, 128, 128, 128, 128, 128]","[4, 4, 5, 3, 3, 3, 6, 6]",8,18,28.140419006347656
1739,"[3, 2, 3, 6, 4]","[32, 32, 32, 32, 32]","[6, 4, 5, 5, 3]",5,19,0.8047659397125244
1740,"[6, 2, 1, 3, 1, 4]","[144, 144, 144, 144, 144, 144]","[6, 3, 3, 4, 4, 5]",6,0,21.21210479736328
1741,"[6, 2, 4, 2, 4, 1]","[176, 176, 176, 176, 176, 176]","[3, 6, 4, 4, 4, 4]",6,1,31.86428451538086
1742,"[3, 5, 4, 2, 4]","[240, 240, 240, 240, 240]","[3, 6, 5, 5, 3]",5,2,55.1688232421875
1743,"[1, 2, 1, 4, 3, 4, 3, 4]","[144, 144, 144, 144, 144, 144, 144, 144]","[6, 4, 6, 6, 4, 6, 6, 6]",8,3,37.343387603759766
1744,"[5, 5, 2, 4, 6]","[80, 80, 80, 80, 80]","[3, 4, 5, 5, 4]",5,4,4.989274978637695
1745,"[2, 5, 2, 4, 2]","[64, 64, 64, 64, 64]","[3, 5, 5, 3, 5]",5,5,2.560178279876709
1746,"[6, 1, 5, 4, 4]","[144, 144, 144, 144, 144]","[3, 3, 4, 6, 6]",5,6,21.19378662109375
1747,"[6, 3, 2, 2, 1, 5, 2]","[128, 128, 128, 128, 128, 128, 128]","[3, 5, 4, 3, 3, 4, 5]",7,7,22.213457107543945
1748,"[6, 6, 1, 1, 3, 2, 1, 4, 3]","[48, 48, 48, 48, 48, 48, 48, 48, 48]","[3, 4, 4, 6, 4, 5, 3, 4, 4]",9,8,3.4845385551452637
1749,"[6, 4, 6, 5, 5, 3]","[64, 64, 64, 64, 64, 64]","[6, 5, 6, 6, 4, 5]",6,9,4.621560096740723
1750,"[1, 6, 6, 2, 1]","[240, 240, 240, 240, 240]","[6, 5, 6, 4, 4]",5,10,53.373207092285156
1751,"[1, 1, 2, 5, 2, 1, 5]","[144, 144, 144, 144, 144, 144, 144]","[6, 5, 6, 5, 5, 3, 4]",7,11,34.02010726928711
1752,"[5, 6, 6, 5, 4, 3]","[32, 32, 32, 32, 32, 32]","[5, 6, 4, 3, 5, 3]",6,12,1.0723960399627686
1753,"[1, 6, 5, 4, 2, 3, 4, 2, 3]","[32, 32, 32, 32, 32, 32, 32, 32, 32]","[4, 4, 5, 6, 3, 5, 5, 5, 3]",9,13,1.9171979427337646
1754,"[4, 6, 3, 5]","[32, 32, 32, 32]","[3, 5, 4, 5]",4,14,0.7376025319099426
1755,"[1, 3, 5, 2, 1, 3, 2, 3, 2]","[112, 112, 112, 112, 112, 112, 112, 112, 112]","[4, 3, 4, 5, 3, 6, 4, 3, 5]",9,15,21.43947982788086
1756,"[1, 5, 1, 2]","[64, 64, 64, 64]","[5, 6, 6, 3]",4,16,1.6452380418777466
1757,"[5, 6, 2, 4, 3, 1, 4, 4, 4, 4]","[48, 48, 48, 48, 48, 48, 48, 48, 48, 48]","[4, 4, 4, 6, 5, 3, 5, 3, 5, 5]",10,17,7.1570515632629395
1758,"[3, 6, 5, 2, 5, 6, 1, 1]","[32, 32, 32, 32, 32, 32, 32, 32]","[3, 3, 5, 4, 6, 4, 4, 6]",8,18,1.1780864000320435
1759,"[4, 3, 1, 5, 3, 1, 1, 5]","[32, 32, 32, 32, 32, 32, 32, 32]","[3, 5, 6, 4, 4, 5, 3, 5]",8,19,1.0940309762954712
1760,"[3, 1, 6, 2, 4]","[112, 112, 112, 112, 112]","[5, 6, 6, 6, 6]",5,0,10.146232604980469
1761,"[5, 2, 5, 4, 4, 5]","[64, 64, 64, 64, 64, 64]","[5, 5, 5, 5, 4, 5]",6,1,4.441141128540039
1762,"[4, 3, 4, 3, 2, 1]","[128, 128, 128, 128, 128, 128]","[5, 6, 5, 6, 4, 6]",6,2,14.820775032043457
1763,"[6, 1, 2, 4]","[80, 80, 80, 80]","[5, 5, 5, 5]",4,3,3.354111909866333
1764,"[3, 3, 6, 6, 4, 6, 4]","[96, 96, 96, 96, 96, 96, 96]","[5, 5, 6, 6, 5, 5, 4]",7,4,16.45474624633789
1765,"[5, 1, 4, 2, 2, 6, 2]","[176, 176, 176, 176, 176, 176, 176]","[5, 6, 4, 5, 6, 6, 5]",7,5,47.999427795410156
1766,"[2, 6, 1, 5, 6, 5]","[144, 144, 144, 144, 144, 144]","[3, 5, 5, 5, 5, 5]",6,6,27.738561630249023
1767,"[2, 1, 5, 1]","[128, 128, 128, 128]","[5, 4, 6, 4]",4,7,8.147432327270508
1768,"[3, 4, 5, 3]","[192, 192, 192, 192]","[4, 6, 5, 4]",4,8,31.590984344482422
1769,"[6, 5, 4, 5, 6, 1, 3, 3, 4]","[144, 144, 144, 144, 144, 144, 144, 144, 144]","[4, 4, 4, 5, 5, 5, 4, 3, 6]",9,9,46.78563690185547
1770,"[2, 5, 5, 6, 6, 4, 4, 5, 2]","[128, 128, 128, 128, 128, 128, 128, 128, 128]","[5, 3, 3, 6, 6, 3, 6, 5, 4]",9,10,35.251834869384766
1771,"[1, 2, 5, 4, 4]","[160, 160, 160, 160, 160]","[6, 4, 6, 3, 3]",5,11,24.852460861206055
1772,"[2, 2, 5, 1, 3, 2, 5, 6, 5, 5]","[80, 80, 80, 80, 80, 80, 80, 80, 80, 80]","[4, 6, 3, 5, 5, 5, 6, 5, 6, 5]",10,12,17.25001335144043
1773,"[4, 4, 5, 5, 4, 3]","[48, 48, 48, 48, 48, 48]","[5, 4, 3, 4, 6, 6]",6,13,2.319894313812256
1774,"[6, 1, 2, 4, 2]","[96, 96, 96, 96, 96]","[4, 3, 6, 3, 5]",5,14,6.012397289276123
1775,"[2, 5, 3, 2, 4, 5, 4, 1]","[48, 48, 48, 48, 48, 48, 48, 48]","[6, 6, 3, 3, 6, 6, 4, 4]",8,15,3.631911516189575
1776,"[4, 2, 6, 4, 3, 5, 3, 4, 2]","[192, 192, 192, 192, 192, 192, 192, 192, 192]","[6, 4, 5, 4, 3, 6, 3, 6, 3]",9,16,79.6303939819336
1777,"[3, 4, 3, 6, 2, 4]","[160, 160, 160, 160, 160, 160]","[4, 6, 5, 4, 4, 3]",6,17,33.184112548828125
1778,"[6, 3, 1, 5, 1, 5, 1, 3]","[48, 48, 48, 48, 48, 48, 48, 48]","[3, 3, 5, 4, 5, 3, 3, 3]",8,18,2.512704372406006
1779,"[4, 4, 4, 2, 2, 5, 5]","[160, 160, 160, 160, 160, 160, 160]","[6, 6, 4, 5, 5, 6, 4]",7,19,50.392066955566406
1780,"[1, 5, 1, 6, 5, 2, 4, 4, 4, 5]","[32, 32, 32, 32, 32, 32, 32, 32, 32, 32]","[3, 5, 5, 5, 6, 4, 5, 3, 3, 5]",10,0,3.2689571380615234
1781,"[3, 4, 6, 4, 5, 2, 5, 1, 3]","[32, 32, 32, 32, 32, 32, 32, 32, 32]","[5, 4, 4, 3, 5, 6, 4, 3, 4]",9,1,2.1495120525360107
1782,"[2, 4, 4, 6, 3, 6]","[32, 32, 32, 32, 32, 32]","[6, 4, 6, 4, 4, 3]",6,2,1.005769968032837
1783,"[5, 3, 4, 4, 4, 6, 5, 6]","[48, 48, 48, 48, 48, 48, 48, 48]","[3, 4, 6, 6, 5, 3, 5, 6]",8,3,4.596564769744873
1784,"[1, 6, 2, 1, 5, 3, 2]","[80, 80, 80, 80, 80, 80, 80]","[4, 3, 3, 3, 4, 4, 6]",7,4,7.622152328491211
1785,"[4, 1, 1, 2, 6, 6, 6]","[80, 80, 80, 80, 80, 80, 80]","[3, 3, 3, 3, 6, 6, 3]",7,5,11.108853340148926
1786,"[3, 5, 4, 1, 4, 3, 2, 6, 4, 5]","[128, 128, 128, 128, 128, 128, 128, 128, 128, 128]","[6, 4, 4, 3, 4, 3, 5, 5, 5, 4]",10,6,43.08586502075195
1787,"[6, 6, 2, 3, 3, 1, 6]","[48, 48, 48, 48, 48, 48, 48]","[5, 3, 3, 5, 4, 3, 3]",7,7,3.5137760639190674
1788,"[2, 2, 3, 5, 5, 6, 5, 3, 3]","[32, 32, 32, 32, 32, 32, 32, 32, 32]","[6, 5, 5, 4, 3, 5, 5, 5, 5]",9,8,2.0911266803741455
1789,"[5, 5, 6, 3]","[96, 96, 96, 96]","[4, 6, 6, 5]",4,9,6.4833478927612305
1790,"[3, 4, 1, 3]","[112, 112, 112, 112]","[4, 3, 3, 5]",4,10,6.052968502044678
1791,"[3, 3, 3, 2, 3, 5]","[128, 128, 128, 128, 128, 128]","[4, 4, 3, 5, 5, 3]",6,11,17.372488021850586
1792,"[5, 6, 2, 4, 3, 6, 1, 2, 3, 3]","[80, 80, 80, 80, 80, 80, 80, 80, 80, 80]","[6, 5, 6, 3, 3, 6, 5, 6, 4, 6]",10,12,12.599648475646973
1793,"[4, 3, 6, 3]","[192, 192, 192, 192]","[3, 5, 5, 6]",4,13,33.91011047363281
1794,"[4, 3, 2, 6, 4, 5, 5, 4, 5]","[240, 240, 240, 240, 240, 240, 240, 240, 240]","[3, 4, 6, 3, 6, 6, 6, 4, 4]",9,14,152.07150268554688
1795,"[4, 4, 2, 3, 3, 6, 2]","[176, 176, 176, 176, 176, 176, 176]","[3, 6, 5, 4, 4, 6, 4]",7,15,47.87125015258789
1796,"[2, 3, 1, 5, 5, 1, 4, 1, 2, 4]","[64, 64, 64, 64, 64, 64, 64, 64, 64, 64]","[6, 3, 5, 4, 3, 5, 4, 6, 3, 5]",10,16,9.675281524658203
1797,"[2, 2, 5, 3, 5, 6, 2]","[160, 160, 160, 160, 160, 160, 160]","[6, 3, 6, 5, 3, 4, 6]",7,17,44.325897216796875
1798,"[1, 4, 6, 3]","[32, 32, 32, 32]","[5, 3, 3, 5]",4,18,0.7458133697509766
1799,"[3, 1, 4, 4, 1, 2, 2, 3, 4, 1]","[160, 160, 160, 160, 160, 160, 160, 160, 160, 160]","[4, 4, 6, 3, 6, 3, 5, 4, 4, 5]",10,19,54.416893005371094
1800,"[3, 5, 3, 4, 6, 6, 2]","[112, 112, 112, 112, 112, 112, 112]","[6, 5, 5, 4, 5, 6, 3]",7,0,20.07428741455078
1801,"[6, 5, 3, 1, 4]","[144, 144, 144, 144, 144]","[4, 4, 6, 4, 3]",5,1,15.983394622802734
1802,"[4, 5, 6, 6, 4]","[176, 176, 176, 176, 176]","[5, 3, 6, 4, 6]",5,2,38.56953811645508
1803,"[3, 4, 3, 6, 3]","[48, 48, 48, 48, 48]","[3, 6, 4, 4, 5]",5,3,1.7469364404678345
1804,"[2, 3, 5, 3, 1, 5, 4, 6]","[176, 176, 176, 176, 176, 176, 176, 176]","[3, 6, 4, 3, 5, 3, 5, 6]",8,4,66.90762329101562
1805,"[4, 3, 1, 4, 1, 6, 5, 1, 3, 4]","[160, 160, 160, 160, 160, 160, 160, 160, 160, 160]","[4, 5, 6, 5, 4, 5, 6, 6, 6, 6]",10,5,63.056373596191406
1806,"[1, 3, 6, 3, 4]","[240, 240, 240, 240, 240]","[6, 3, 5, 5, 3]",5,6,61.86589431762695
1807,"[6, 3, 2, 1]","[96, 96, 96, 96]","[6, 5, 4, 6]",4,7,4.021161079406738
1808,"[4, 2, 2, 2, 6, 1, 1]","[80, 80, 80, 80, 80, 80, 80]","[3, 6, 3, 6, 3, 5, 3]",7,8,6.024387359619141
1809,"[6, 4, 1, 5, 4, 3, 4, 2, 4]","[96, 96, 96, 96, 96, 96, 96, 96, 96]","[4, 4, 6, 4, 3, 3, 5, 5, 4]",9,9,21.045791625976562
1810,"[4, 5, 6, 3]","[128, 128, 128, 128]","[5, 6, 5, 6]",4,10,12.256143569946289
1811,"[2, 4, 2, 4, 6, 3, 4, 2, 1, 4]","[240, 240, 240, 240, 240, 240, 240, 240, 240, 240]","[6, 5, 6, 3, 6, 3, 6, 6, 5, 3]",10,11,122.22109985351562
1812,"[1, 1, 5, 1, 4, 3, 2, 2]","[240, 240, 240, 240, 240, 240, 240, 240]","[4, 6, 5, 5, 3, 3, 6, 6]",8,12,84.03345489501953
1813,"[6, 4, 1, 1, 1]","[32, 32, 32, 32, 32]","[3, 3, 6, 5, 3]",5,13,0.6185460686683655
1814,"[6, 1, 1, 4, 3]","[160, 160, 160, 160, 160]","[5, 4, 6, 4, 6]",5,14,22.743450164794922
1815,"[2, 6, 2, 4, 1, 1]","[80, 80, 80, 80, 80, 80]","[4, 5, 3, 6, 5, 4]",6,15,4.042766094207764
1816,"[2, 6, 5, 1, 1, 4, 1]","[176, 176, 176, 176, 176, 176, 176]","[3, 5, 5, 4, 4, 5, 6]",7,16,44.162166595458984
1817,"[2, 3, 3, 3, 3]","[176, 176, 176, 176, 176]","[4, 6, 4, 4, 5]",5,17,27.37301254272461
1818,"[1, 3, 3, 6]","[128, 128, 128, 128]","[4, 6, 5, 3]",4,18,11.915770530700684
1819,"[2, 3, 4, 5, 6, 2, 5, 3, 4]","[64, 64, 64, 64, 64, 64, 64, 64, 64]","[3, 3, 3, 6, 4, 6, 5, 6, 6]",9,19,10.610807418823242
1820,"[3, 6, 6, 6, 3]","[144, 144, 144, 144, 144]","[4, 5, 3, 6, 3]",5,0,22.969972610473633
1821,"[5, 5, 6, 6, 2, 5, 3, 2]","[112, 112, 112, 112, 112, 112, 112, 112]","[4, 6, 4, 6, 5, 4, 6, 3]",8,1,24.389238357543945
1822,"[4, 6, 3, 4, 1, 6]","[176, 176, 176, 176, 176, 176]","[3, 6, 4, 5, 6, 6]",6,2,43.525230407714844
1823,"[3, 4, 1, 2, 6, 3, 4, 6, 1, 6]","[176, 176, 176, 176, 176, 176, 176, 176, 176, 176]","[6, 4, 4, 3, 6, 5, 3, 3, 3, 5]",10,3,85.36662292480469
1824,"[5, 3, 4, 4, 3, 3, 1, 4, 2, 2]","[144, 144, 144, 144, 144, 144, 144, 144, 144, 144]","[3, 4, 3, 3, 4, 4, 3, 3, 5, 4]",10,4,42.784088134765625
1825,"[6, 4, 5, 5, 5, 3, 3, 3, 3]","[96, 96, 96, 96, 96, 96, 96, 96, 96]","[5, 3, 6, 5, 5, 3, 3, 4, 3]",9,5,20.44297218322754
1826,"[2, 6, 5, 6, 3, 2]","[64, 64, 64, 64, 64, 64]","[4, 3, 4, 4, 6, 3]",6,6,4.053718566894531
1827,"[3, 3, 4, 6, 3, 3, 5]","[160, 160, 160, 160, 160, 160, 160]","[4, 5, 6, 4, 4, 6, 3]",7,7,51.482723236083984
1828,"[5, 2, 1, 5, 4, 2, 5, 1, 5, 2]","[176, 176, 176, 176, 176, 176, 176, 176, 176, 176]","[5, 3, 5, 3, 3, 3, 3, 4, 6, 5]",10,8,83.13592529296875
1829,"[2, 5, 3, 4, 3, 1, 4]","[128, 128, 128, 128, 128, 128, 128]","[5, 5, 6, 6, 5, 3, 5]",7,9,25.24312400817871
1830,"[4, 3, 3, 3, 3, 5, 6, 1, 6]","[128, 128, 128, 128, 128, 128, 128, 128, 128]","[4, 6, 6, 6, 4, 4, 5, 4, 4]",9,10,37.8887939453125
1831,"[2, 3, 4, 2]","[192, 192, 192, 192]","[4, 5, 5, 6]",4,11,24.53331184387207
1832,"[1, 1, 6, 6, 4, 6, 3, 5, 1, 4]","[112, 112, 112, 112, 112, 112, 112, 112, 112, 112]","[6, 5, 6, 3, 4, 4, 4, 6, 3, 5]",10,12,30.334117889404297
1833,"[1, 1, 5, 1, 3, 1]","[48, 48, 48, 48, 48, 48]","[6, 6, 3, 3, 5, 5]",6,13,1.6161904335021973
1834,"[3, 4, 6, 4, 2, 5, 4, 2, 4, 2]","[240, 240, 240, 240, 240, 240, 240, 240, 240, 240]","[6, 5, 5, 5, 3, 6, 4, 3, 6, 4]",10,14,129.32449340820312
1835,"[4, 4, 2, 1, 2, 1, 6, 6, 3, 4]","[64, 64, 64, 64, 64, 64, 64, 64, 64, 64]","[4, 3, 4, 5, 3, 5, 3, 3, 5, 3]",10,15,11.539407730102539
1836,"[2, 3, 2, 6, 2, 3, 1, 2, 6, 6]","[80, 80, 80, 80, 80, 80, 80, 80, 80, 80]","[3, 5, 4, 4, 6, 3, 6, 6, 3, 4]",10,16,15.328986167907715
1837,"[5, 3, 4, 6, 4]","[112, 112, 112, 112, 112]","[3, 5, 3, 3, 6]",5,17,12.585412979125977
1838,"[1, 4, 1, 4, 3, 1]","[240, 240, 240, 240, 240, 240]","[5, 3, 6, 5, 6, 5]",6,18,57.89196014404297
1839,"[6, 2, 1, 3]","[176, 176, 176, 176]","[3, 5, 5, 6]",4,19,19.283327102661133
1840,"[1, 3, 1, 4, 3, 1, 1]","[144, 144, 144, 144, 144, 144, 144]","[4, 6, 6, 6, 3, 3, 4]",7,0,25.00482177734375
1841,"[4, 2, 3, 1, 4]","[112, 112, 112, 112, 112]","[4, 5, 4, 4, 5]",5,1,8.35721492767334
1842,"[4, 6, 6, 4, 5, 1, 2, 4, 5]","[32, 32, 32, 32, 32, 32, 32, 32, 32]","[4, 5, 4, 6, 6, 4, 5, 4, 3]",9,2,2.1202423572540283
1843,"[4, 3, 2, 3, 4, 4, 2, 4, 5, 2]","[32, 32, 32, 32, 32, 32, 32, 32, 32, 32]","[6, 3, 3, 6, 4, 3, 4, 4, 3, 4]",10,3,2.591353416442871
1844,"[4, 1, 6, 6, 4, 4, 1]","[112, 112, 112, 112, 112, 112, 112]","[4, 4, 4, 5, 3, 6, 5]",7,4,18.95069122314453
1845,"[5, 2, 1, 3]","[32, 32, 32, 32]","[3, 3, 3, 5]",4,5,0.6254276037216187
1846,"[4, 6, 3, 2]","[144, 144, 144, 144]","[5, 6, 3, 4]",4,6,12.217111587524414
1847,"[2, 6, 3, 4, 4, 3]","[240, 240, 240, 240, 240, 240]","[6, 4, 5, 5, 6, 4]",6,7,73.69683837890625
1848,"[6, 4, 5, 2, 1, 1, 4]","[64, 64, 64, 64, 64, 64, 64]","[3, 4, 6, 4, 5, 6, 3]",7,8,6.168607711791992
1849,"[6, 6, 3, 3, 3, 4]","[48, 48, 48, 48, 48, 48]","[6, 4, 3, 3, 6, 6]",6,9,2.0763213634490967
1850,"[1, 2, 6, 6, 3, 2, 3, 1, 3, 6]","[64, 64, 64, 64, 64, 64, 64, 64, 64, 64]","[5, 5, 6, 4, 5, 4, 3, 5, 4, 5]",10,10,10.582002639770508
1851,"[3, 6, 2, 1, 1]","[80, 80, 80, 80, 80]","[4, 6, 3, 6, 3]",5,11,2.7689788341522217
1852,"[5, 1, 5, 1, 6, 6, 5, 2, 5]","[48, 48, 48, 48, 48, 48, 48, 48, 48]","[6, 4, 6, 4, 6, 4, 6, 6, 3]",9,12,5.863122463226318
1853,"[5, 5, 4, 6, 3]","[112, 112, 112, 112, 112]","[4, 5, 6, 5, 6]",5,13,12.206881523132324
1854,"[6, 1, 4, 5, 2, 2]","[64, 64, 64, 64, 64, 64]","[3, 6, 4, 4, 3, 6]",6,14,3.626920700073242
1855,"[1, 3, 5, 1, 3, 3, 2, 1, 1, 6]","[176, 176, 176, 176, 176, 176, 176, 176, 176, 176]","[4, 4, 5, 6, 5, 5, 4, 3, 4, 6]",10,15,71.80135345458984
1856,"[5, 4, 2, 2, 1, 4, 5, 5, 6]","[32, 32, 32, 32, 32, 32, 32, 32, 32]","[5, 3, 4, 4, 5, 4, 5, 5, 4]",9,16,2.407071113586426
1857,"[4, 2, 2, 1, 5, 5]","[144, 144, 144, 144, 144, 144]","[6, 4, 4, 5, 6, 3]",6,17,23.315996170043945
1858,"[6, 2, 2, 3]","[144, 144, 144, 144]","[5, 3, 5, 6]",4,18,12.6148681640625
1859,"[4, 2, 1, 3, 2]","[160, 160, 160, 160, 160]","[3, 3, 3, 4, 4]",5,19,18.15895652770996
1860,"[3, 6, 1, 2, 2, 1, 3, 3, 5, 4]","[64, 64, 64, 64, 64, 64, 64, 64, 64, 64]","[6, 3, 4, 3, 6, 6, 4, 4, 5, 6]",10,0,10.732278823852539
1861,"[3, 4, 6, 1]","[32, 32, 32, 32]","[6, 4, 6, 6]",4,1,0.7117882966995239
1862,"[5, 6, 1, 5]","[96, 96, 96, 96]","[4, 3, 5, 5]",4,2,5.402444839477539
1863,"[3, 3, 5, 3, 3, 4, 4]","[240, 240, 240, 240, 240, 240, 240]","[5, 5, 6, 3, 6, 6, 4]",7,3,102.74929809570312
1864,"[6, 5, 1, 3]","[112, 112, 112, 112]","[6, 6, 5, 6]",4,4,6.894207954406738
1865,"[6, 1, 1, 3, 1, 3, 2, 2, 3, 3]","[128, 128, 128, 128, 128, 128, 128, 128, 128, 128]","[5, 4, 3, 3, 5, 4, 5, 3, 6, 3]",10,5,37.175880432128906
1866,"[4, 6, 5, 2, 2]","[96, 96, 96, 96, 96]","[4, 4, 3, 4, 4]",5,6,6.392303466796875
1867,"[1, 5, 6, 1, 1, 4, 3, 6]","[192, 192, 192, 192, 192, 192, 192, 192]","[3, 4, 3, 6, 5, 3, 3, 6]",8,7,68.37397766113281
1868,"[2, 5, 5, 4, 6]","[128, 128, 128, 128, 128]","[6, 5, 6, 3, 6]",5,8,16.217222213745117
1869,"[5, 1, 3, 3, 3, 5, 4, 2, 5]","[64, 64, 64, 64, 64, 64, 64, 64, 64]","[5, 5, 3, 6, 5, 5, 4, 5, 3]",9,9,10.08267593383789
1870,"[1, 1, 1, 4, 2, 1, 4, 1, 4, 1]","[96, 96, 96, 96, 96, 96, 96, 96, 96, 96]","[4, 6, 4, 4, 6, 6, 5, 6, 6, 4]",10,10,19.09446144104004
1871,"[5, 5, 6, 1]","[80, 80, 80, 80]","[4, 6, 4, 4]",4,11,3.547569751739502
1872,"[2, 3, 3, 4, 6, 4, 6, 4, 2]","[192, 192, 192, 192, 192, 192, 192, 192, 192]","[6, 3, 4, 4, 4, 3, 4, 3, 5]",9,12,90.92788696289062
1873,"[1, 2, 4, 1, 4]","[240, 240, 240, 240, 240]","[3, 5, 6, 5, 5]",5,13,46.740692138671875
1874,"[5, 5, 3, 6]","[176, 176, 176, 176]","[5, 5, 4, 3]",4,14,29.763669967651367
1875,"[4, 4, 5, 1, 3, 4, 4]","[240, 240, 240, 240, 240, 240, 240]","[5, 4, 3, 3, 4, 6, 4]",7,15,97.16594696044922
1876,"[3, 5, 2, 1, 5, 2, 5]","[144, 144, 144, 144, 144, 144, 144]","[6, 4, 3, 5, 6, 6, 5]",7,16,32.685237884521484
1877,"[3, 5, 1, 1, 4, 5]","[128, 128, 128, 128, 128, 128]","[3, 5, 3, 5, 4, 6]",6,17,17.619876861572266
1878,"[2, 1, 3, 2, 5, 1, 1, 6]","[48, 48, 48, 48, 48, 48, 48, 48]","[3, 5, 3, 5, 4, 3, 6, 3]",8,18,2.5048866271972656
1879,"[6, 1, 2, 1, 6, 4, 1, 2, 5, 3]","[176, 176, 176, 176, 176, 176, 176, 176, 176, 176]","[3, 3, 6, 3, 4, 3, 6, 5, 5, 5]",10,19,72.14352416992188
1880,"[3, 4, 6, 3]","[48, 48, 48, 48]","[5, 4, 3, 4]",4,0,1.5562636852264404
1881,"[1, 6, 6, 3, 1, 6, 2, 4, 3]","[32, 32, 32, 32, 32, 32, 32, 32, 32]","[4, 5, 6, 4, 4, 6, 4, 3, 4]",9,1,1.8655821084976196
1882,"[2, 3, 6, 2, 6, 1, 2, 3, 5]","[160, 160, 160, 160, 160, 160, 160, 160, 160]","[6, 5, 5, 5, 6, 5, 5, 6, 3]",9,2,51.283504486083984
1883,"[1, 3, 3, 3, 1, 4, 1, 1, 4]","[64, 64, 64, 64, 64, 64, 64, 64, 64]","[5, 3, 4, 3, 5, 3, 5, 3, 4]",9,3,6.820836067199707
1884,"[1, 1, 3, 5, 3, 4, 1, 4, 2]","[240, 240, 240, 240, 240, 240, 240, 240, 240]","[4, 6, 3, 3, 4, 4, 5, 4, 6]",9,4,95.30003356933594
1885,"[1, 4, 2, 3, 4, 3, 1, 1, 4]","[64, 64, 64, 64, 64, 64, 64, 64, 64]","[5, 3, 4, 6, 3, 4, 3, 4, 3]",9,5,7.01104736328125
1886,"[3, 3, 6, 2, 5, 3, 6, 6]","[144, 144, 144, 144, 144, 144, 144, 144]","[5, 5, 6, 5, 3, 4, 4, 3]",8,6,40.276206970214844
1887,"[4, 3, 4, 1, 6, 4]","[80, 80, 80, 80, 80, 80]","[3, 3, 3, 6, 4, 4]",6,7,5.98476505279541
1888,"[4, 4, 1, 4, 6, 3, 6, 4, 5]","[144, 144, 144, 144, 144, 144, 144, 144, 144]","[6, 6, 4, 4, 5, 4, 4, 5, 5]",9,8,49.805782318115234
1889,"[2, 6, 2, 2, 6, 2, 1, 1, 3]","[32, 32, 32, 32, 32, 32, 32, 32, 32]","[4, 3, 5, 5, 6, 4, 6, 3, 3]",9,9,1.4574795961380005
1890,"[2, 3, 1, 3]","[240, 240, 240, 240]","[3, 4, 3, 4]",4,10,37.63760757446289
1891,"[5, 5, 1, 6, 1, 3, 5, 4, 2, 2]","[80, 80, 80, 80, 80, 80, 80, 80, 80, 80]","[5, 6, 4, 6, 6, 5, 6, 6, 6, 6]",10,11,17.25604248046875
1892,"[3, 2, 6, 4, 5, 5, 3, 4, 3, 2]","[176, 176, 176, 176, 176, 176, 176, 176, 176, 176]","[4, 6, 4, 4, 3, 3, 5, 5, 3, 5]",10,12,76.85765838623047
1893,"[1, 2, 1, 3]","[160, 160, 160, 160]","[5, 5, 4, 4]",4,13,12.986161231994629
1894,"[2, 5, 2, 2, 1, 3, 2]","[96, 96, 96, 96, 96, 96, 96]","[6, 3, 3, 5, 3, 6, 6]",7,14,10.703682899475098
1895,"[1, 6, 4, 1, 3, 1, 5, 4, 2, 2]","[112, 112, 112, 112, 112, 112, 112, 112, 112, 112]","[6, 4, 5, 4, 5, 5, 4, 3, 3, 6]",10,15,28.232446670532227
1896,"[3, 6, 5, 6, 2, 5]","[144, 144, 144, 144, 144, 144]","[5, 6, 6, 3, 4, 5]",6,16,29.687580108642578
1897,"[5, 6, 2, 5, 4, 2, 2, 2, 3]","[48, 48, 48, 48, 48, 48, 48, 48, 48]","[5, 5, 5, 5, 6, 6, 5, 6, 5]",9,17,3.9012506008148193
1898,"[5, 5, 1, 5]","[192, 192, 192, 192]","[6, 4, 4, 5]",4,18,31.075929641723633
1899,"[5, 3, 6, 1, 4, 1, 5]","[48, 48, 48, 48, 48, 48, 48]","[6, 6, 5, 3, 6, 4, 6]",7,19,3.643545389175415
1900,"[1, 2, 2, 2]","[128, 128, 128, 128]","[5, 5, 5, 4]",4,0,6.996074676513672
1901,"[4, 5, 5, 4, 3]","[176, 176, 176, 176, 176]","[3, 6, 6, 4, 3]",5,1,32.381038665771484
1902,"[4, 5, 1, 1, 6, 5, 5, 1, 3, 5]","[96, 96, 96, 96, 96, 96, 96, 96, 96, 96]","[6, 6, 4, 6, 6, 6, 3, 3, 3, 5]",10,2,22.022741317749023
1903,"[2, 3, 4, 1, 6]","[96, 96, 96, 96, 96]","[4, 4, 3, 4, 3]",5,3,6.493932723999023
1904,"[3, 3, 2, 6, 6, 6]","[112, 112, 112, 112, 112, 112]","[3, 3, 4, 6, 4, 3]",6,4,17.969552993774414
1905,"[6, 2, 2, 3, 6, 1, 5, 3]","[192, 192, 192, 192, 192, 192, 192, 192]","[6, 4, 5, 5, 6, 5, 5, 5]",8,5,69.39276885986328
1906,"[5, 1, 5, 2, 2, 2, 1]","[128, 128, 128, 128, 128, 128, 128]","[6, 4, 5, 6, 4, 5, 6]",7,6,18.56232261657715
1907,"[1, 6, 3, 4, 1]","[112, 112, 112, 112, 112]","[3, 4, 4, 5, 6]",5,7,8.544036865234375
1908,"[3, 5, 5, 5, 2, 2, 1, 4, 6]","[240, 240, 240, 240, 240, 240, 240, 240, 240]","[3, 3, 5, 4, 6, 5, 6, 6, 3]",9,8,112.25083923339844
1909,"[3, 3, 3, 2, 6, 4, 1, 5, 2, 3]","[128, 128, 128, 128, 128, 128, 128, 128, 128, 128]","[5, 6, 6, 5, 6, 5, 3, 4, 6, 5]",10,9,36.80585479736328
1910,"[5, 3, 1, 6, 1, 3, 6, 2, 6]","[32, 32, 32, 32, 32, 32, 32, 32, 32]","[4, 3, 3, 6, 5, 5, 3, 5, 3]",9,10,2.4365885257720947
1911,"[5, 3, 1, 5, 3]","[240, 240, 240, 240, 240]","[3, 3, 5, 5, 6]",5,11,62.87867736816406
1912,"[6, 3, 4, 6, 5, 1, 5]","[240, 240, 240, 240, 240, 240, 240]","[5, 3, 6, 6, 3, 4, 5]",7,12,123.19702911376953
1913,"[4, 5, 4, 6, 2]","[176, 176, 176, 176, 176]","[6, 3, 3, 6, 5]",5,13,34.73733139038086
1914,"[4, 3, 6, 6, 1]","[48, 48, 48, 48, 48]","[4, 5, 4, 5, 6]",5,14,1.8483555316925049
1915,"[5, 2, 3, 3, 4]","[112, 112, 112, 112, 112]","[3, 4, 4, 6, 4]",5,15,9.764184951782227
1916,"[2, 1, 2, 4, 5, 2, 1, 3]","[96, 96, 96, 96, 96, 96, 96, 96]","[4, 3, 6, 5, 5, 6, 3, 4]",8,16,10.984312057495117
1917,"[1, 3, 3, 6]","[240, 240, 240, 240]","[6, 6, 3, 5]",4,17,55.931941986083984
1918,"[2, 1, 6, 1]","[176, 176, 176, 176]","[6, 3, 6, 6]",4,18,19.208728790283203
1919,"[4, 6, 5, 4, 3, 1, 6, 5]","[144, 144, 144, 144, 144, 144, 144, 144]","[5, 5, 5, 6, 5, 6, 4, 6]",8,19,43.32780838012695
1920,"[4, 4, 6, 6, 2]","[32, 32, 32, 32, 32]","[4, 4, 5, 3, 6]",5,0,0.8898755311965942
1921,"[2, 3, 5, 4]","[128, 128, 128, 128]","[5, 3, 6, 5]",4,1,11.812259674072266
1922,"[6, 6, 1, 3, 6]","[160, 160, 160, 160, 160]","[4, 4, 6, 5, 6]",5,2,25.769351959228516
1923,"[5, 4, 4, 5, 1, 4, 5, 4]","[240, 240, 240, 240, 240, 240, 240, 240]","[5, 5, 5, 5, 6, 6, 5, 6]",8,3,122.37984466552734
1924,"[3, 1, 1, 6, 6, 5, 1, 1, 6, 2]","[192, 192, 192, 192, 192, 192, 192, 192, 192, 192]","[4, 6, 3, 6, 4, 3, 4, 4, 4, 4]",10,4,90.69538116455078
1925,"[1, 5, 1, 3, 2, 1, 4, 5]","[192, 192, 192, 192, 192, 192, 192, 192]","[3, 4, 3, 5, 5, 6, 5, 4]",8,5,60.19617462158203
1926,"[3, 3, 6, 2, 1, 4, 3, 6, 4, 6]","[64, 64, 64, 64, 64, 64, 64, 64, 64, 64]","[6, 3, 5, 4, 4, 6, 5, 5, 3, 5]",10,6,11.62787914276123
1927,"[6, 4, 6, 1, 6, 4, 4, 3, 2]","[176, 176, 176, 176, 176, 176, 176, 176, 176]","[3, 6, 3, 3, 6, 4, 6, 6, 4]",9,7,64.76496887207031
1928,"[4, 4, 3, 6, 3]","[48, 48, 48, 48, 48]","[3, 5, 4, 4, 3]",5,8,1.7781893014907837
1929,"[6, 5, 2, 3, 5]","[144, 144, 144, 144, 144]","[3, 6, 3, 3, 6]",5,9,19.597867965698242
1930,"[3, 6, 3, 5, 4, 6, 3, 2]","[112, 112, 112, 112, 112, 112, 112, 112]","[4, 4, 3, 3, 5, 6, 3, 3]",8,10,22.754737854003906
1931,"[6, 1, 1, 6, 1, 3, 4, 6]","[80, 80, 80, 80, 80, 80, 80, 80]","[3, 4, 3, 3, 4, 3, 3, 4]",8,11,10.18547534942627
1932,"[3, 1, 2, 1, 5, 6, 3, 3, 3]","[32, 32, 32, 32, 32, 32, 32, 32, 32]","[6, 3, 6, 4, 5, 4, 6, 4, 4]",9,12,1.7237497568130493
1933,"[6, 2, 4, 5, 4, 6]","[96, 96, 96, 96, 96, 96]","[4, 3, 3, 4, 5, 5]",6,13,11.327627182006836
1934,"[3, 3, 2, 6]","[192, 192, 192, 192]","[3, 5, 3, 5]",4,14,32.873085021972656
1935,"[5, 4, 4, 1, 4, 2, 3, 2]","[144, 144, 144, 144, 144, 144, 144, 144]","[5, 3, 4, 5, 4, 6, 3, 5]",8,15,31.832359313964844
1936,"[5, 6, 1, 2, 1]","[112, 112, 112, 112, 112]","[6, 6, 3, 6, 4]",5,16,7.06504487991333
1937,"[2, 2, 2, 1, 5, 5, 3, 4]","[112, 112, 112, 112, 112, 112, 112, 112]","[5, 5, 5, 4, 4, 4, 4, 4]",8,17,20.406795501708984
1938,"[1, 5, 2, 3, 6, 4, 2]","[144, 144, 144, 144, 144, 144, 144]","[3, 5, 4, 6, 6, 3, 5]",7,18,32.835697174072266
1939,"[3, 6, 2, 4]","[192, 192, 192, 192]","[5, 6, 6, 3]",4,19,28.82750129699707
1940,"[3, 4, 3, 4, 3, 3, 4]","[64, 64, 64, 64, 64, 64, 64]","[5, 4, 5, 5, 5, 3, 5]",7,0,6.571382522583008
1941,"[2, 2, 4, 3, 2]","[64, 64, 64, 64, 64]","[6, 5, 4, 4, 4]",5,1,2.6258788108825684
1942,"[1, 3, 6, 1, 5, 2]","[160, 160, 160, 160, 160, 160]","[5, 5, 3, 4, 5, 6]",6,2,26.16065216064453
1943,"[6, 2, 2, 6, 4, 6, 4, 5, 6]","[48, 48, 48, 48, 48, 48, 48, 48, 48]","[4, 6, 5, 3, 5, 5, 4, 6, 5]",9,3,6.068800449371338
1944,"[3, 2, 5, 4, 4]","[80, 80, 80, 80, 80]","[4, 5, 5, 5, 3]",5,4,4.694716930389404
1945,"[1, 6, 2, 6, 1, 3, 4, 2]","[192, 192, 192, 192, 192, 192, 192, 192]","[5, 3, 4, 4, 3, 4, 6, 3]",8,5,69.9263687133789
1946,"[6, 6, 5, 1, 5, 1, 4, 4]","[176, 176, 176, 176, 176, 176, 176, 176]","[3, 4, 3, 5, 4, 5, 6, 6]",8,6,53.67955017089844
1947,"[5, 2, 5, 1, 3, 1, 3, 2, 6]","[160, 160, 160, 160, 160, 160, 160, 160, 160]","[4, 3, 3, 3, 4, 5, 4, 5, 4]",9,7,54.49742889404297
1948,"[6, 2, 3, 3, 5, 6, 2, 3, 5]","[176, 176, 176, 176, 176, 176, 176, 176, 176]","[3, 6, 4, 4, 4, 4, 4, 4, 3]",9,8,65.97235870361328
1949,"[2, 6, 1, 4, 4]","[192, 192, 192, 192, 192]","[5, 6, 6, 4, 3]",5,9,36.49083709716797
1950,"[5, 4, 1, 2]","[128, 128, 128, 128]","[5, 4, 4, 4]",4,10,7.951049327850342
1951,"[1, 1, 5, 4, 2, 1, 5, 2, 1]","[112, 112, 112, 112, 112, 112, 112, 112, 112]","[4, 5, 3, 5, 3, 3, 3, 4, 3]",9,11,21.69511604309082
1952,"[3, 2, 6, 1, 1, 4, 5, 2, 4, 5]","[144, 144, 144, 144, 144, 144, 144, 144, 144, 144]","[4, 6, 5, 4, 4, 5, 6, 3, 4, 6]",10,12,52.428741455078125
1953,"[6, 6, 1, 6, 2, 4, 1]","[96, 96, 96, 96, 96, 96, 96]","[3, 5, 6, 3, 4, 3, 4]",7,13,11.414505958557129
1954,"[3, 1, 3, 2, 4]","[112, 112, 112, 112, 112]","[4, 4, 3, 5, 4]",5,14,8.704133987426758
1955,"[4, 3, 1, 6, 6, 6, 6]","[32, 32, 32, 32, 32, 32, 32]","[6, 5, 4, 3, 3, 5, 5]",7,15,1.7664473056793213
1956,"[2, 5, 6, 1]","[160, 160, 160, 160]","[4, 5, 5, 5]",4,16,16.596572875976562
1957,"[4, 5, 4, 4, 4, 5, 5, 2, 6, 4]","[48, 48, 48, 48, 48, 48, 48, 48, 48, 48]","[6, 6, 6, 4, 5, 6, 6, 6, 4, 3]",10,17,7.408108711242676
1958,"[5, 3, 2, 5, 6, 3, 1, 2, 2, 1]","[192, 192, 192, 192, 192, 192, 192, 192, 192, 192]","[5, 6, 3, 4, 3, 3, 6, 5, 5, 6]",10,18,86.54752349853516
1959,"[2, 4, 4, 5, 5, 2, 6]","[144, 144, 144, 144, 144, 144, 144]","[3, 5, 4, 4, 6, 6, 3]",7,19,39.536376953125
1960,"[2, 6, 5, 3]","[32, 32, 32, 32]","[6, 4, 3, 4]",4,0,0.7438008785247803
1961,"[6, 3, 4, 4, 5, 5, 2, 6]","[128, 128, 128, 128, 128, 128, 128, 128]","[3, 6, 4, 3, 4, 5, 3, 3]",8,1,30.144132614135742
1962,"[1, 6, 6, 5, 2]","[112, 112, 112, 112, 112]","[4, 6, 4, 6, 6]",5,2,11.617096900939941
1963,"[6, 5, 1, 1, 6, 4, 4, 6, 1]","[80, 80, 80, 80, 80, 80, 80, 80, 80]","[6, 6, 6, 6, 3, 3, 4, 3, 5]",9,3,12.515128135681152
1964,"[1, 6, 6, 1]","[144, 144, 144, 144]","[6, 6, 4, 6]",4,4,12.448360443115234
1965,"[3, 5, 1, 1, 2]","[96, 96, 96, 96, 96]","[5, 4, 4, 3, 3]",5,5,4.164755821228027
1966,"[3, 6, 2, 5]","[64, 64, 64, 64]","[5, 6, 6, 4]",4,6,2.4361157417297363
1967,"[1, 6, 4, 3, 1, 2, 4, 1]","[160, 160, 160, 160, 160, 160, 160, 160]","[3, 4, 4, 4, 6, 6, 5, 5]",8,7,44.75835418701172
1968,"[3, 4, 1, 1, 6, 5, 4, 6, 4, 5]","[112, 112, 112, 112, 112, 112, 112, 112, 112, 112]","[5, 3, 6, 3, 6, 6, 3, 3, 3, 5]",10,8,39.266944885253906
1969,"[4, 1, 1, 5, 5, 5, 1, 3, 3, 4]","[128, 128, 128, 128, 128, 128, 128, 128, 128, 128]","[4, 6, 5, 4, 6, 5, 3, 5, 6, 4]",10,9,43.05105209350586
1970,"[6, 4, 3, 4, 5]","[48, 48, 48, 48, 48]","[5, 3, 3, 3, 5]",5,10,1.8034778833389282
1971,"[2, 5, 3, 2, 6, 3]","[80, 80, 80, 80, 80, 80]","[5, 3, 6, 3, 4, 6]",6,11,5.637208938598633
1972,"[1, 1, 5, 2, 5]","[32, 32, 32, 32, 32]","[6, 3, 3, 4, 5]",5,12,0.7859419584274292
1973,"[2, 6, 5, 3, 1, 5, 5, 3]","[64, 64, 64, 64, 64, 64, 64, 64]","[3, 3, 5, 6, 6, 3, 4, 3]",8,13,7.575764179229736
1974,"[5, 1, 4, 3, 6, 2, 1, 4]","[96, 96, 96, 96, 96, 96, 96, 96]","[5, 3, 5, 4, 6, 5, 6, 3]",8,14,12.162941932678223
1975,"[1, 2, 3, 4, 5, 3, 3, 2]","[240, 240, 240, 240, 240, 240, 240, 240]","[4, 3, 3, 6, 6, 6, 3, 4]",8,15,105.61725616455078
1976,"[6, 4, 5, 4, 2, 5]","[48, 48, 48, 48, 48, 48]","[6, 3, 5, 3, 6, 4]",6,16,2.3551220893859863
1977,"[1, 6, 1, 2]","[128, 128, 128, 128]","[3, 5, 3, 6]",4,17,7.116422653198242
1978,"[4, 4, 2, 6, 3, 2, 4, 3, 2]","[240, 240, 240, 240, 240, 240, 240, 240, 240]","[5, 3, 4, 6, 6, 3, 6, 5, 3]",9,18,111.62580108642578
1979,"[6, 2, 6, 1, 1, 1, 1, 4, 6]","[64, 64, 64, 64, 64, 64, 64, 64, 64]","[4, 6, 6, 6, 3, 4, 3, 3, 6]",9,19,8.850027084350586
1980,"[5, 2, 6, 5, 6, 5, 3, 1]","[80, 80, 80, 80, 80, 80, 80, 80]","[4, 3, 6, 4, 4, 5, 5, 3]",8,0,10.843301773071289
1981,"[5, 2, 3, 3, 1]","[64, 64, 64, 64, 64]","[3, 3, 5, 4, 3]",5,1,2.462306499481201
1982,"[4, 1, 5, 4, 1, 6, 1, 1]","[64, 64, 64, 64, 64, 64, 64, 64]","[4, 5, 5, 5, 5, 4, 4, 3]",8,2,4.9498772621154785
1983,"[6, 3, 3, 3, 6, 6, 5, 2]","[144, 144, 144, 144, 144, 144, 144, 144]","[6, 3, 5, 6, 6, 5, 3, 6]",8,3,46.599098205566406
1984,"[6, 3, 4, 3, 1, 6, 1]","[112, 112, 112, 112, 112, 112, 112]","[5, 5, 6, 4, 5, 5, 4]",7,4,16.601327896118164
1985,"[6, 4, 3, 5]","[64, 64, 64, 64]","[5, 6, 4, 4]",4,5,2.6924495697021484
1986,"[6, 6, 4, 1]","[160, 160, 160, 160]","[4, 5, 5, 6]",4,6,16.606422424316406
1987,"[5, 6, 2, 6, 6]","[128, 128, 128, 128, 128]","[5, 6, 4, 6, 3]",5,7,18.475688934326172
1988,"[6, 6, 1, 4, 6, 6, 1, 6]","[192, 192, 192, 192, 192, 192, 192, 192]","[3, 3, 6, 4, 4, 3, 4, 4]",8,8,71.21998596191406
1989,"[1, 1, 6, 6, 2, 2, 4, 2]","[96, 96, 96, 96, 96, 96, 96, 96]","[3, 5, 4, 6, 5, 5, 6, 3]",8,9,14.915999412536621
1990,"[4, 4, 2, 2, 5, 4, 1, 1]","[144, 144, 144, 144, 144, 144, 144, 144]","[4, 3, 6, 6, 5, 5, 4, 5]",8,10,29.2567195892334
1991,"[3, 1, 6, 4, 3, 6, 2, 5]","[240, 240, 240, 240, 240, 240, 240, 240]","[4, 5, 6, 4, 6, 5, 4, 3]",8,11,108.57392120361328
1992,"[5, 6, 4, 4, 6, 4, 2]","[128, 128, 128, 128, 128, 128, 128]","[3, 5, 4, 6, 4, 4, 4]",7,12,26.875164031982422
1993,"[4, 5, 1, 1, 6, 5, 1, 3, 4, 1]","[160, 160, 160, 160, 160, 160, 160, 160, 160, 160]","[3, 5, 6, 5, 3, 3, 5, 3, 4, 5]",10,13,53.709407806396484
1994,"[3, 5, 3, 2, 2, 2, 3]","[240, 240, 240, 240, 240, 240, 240]","[6, 6, 3, 5, 3, 4, 3]",7,14,88.40979766845703
1995,"[6, 6, 4, 2, 4, 3, 3, 3, 3, 2]","[32, 32, 32, 32, 32, 32, 32, 32, 32, 32]","[4, 6, 6, 3, 5, 3, 4, 5, 6, 3]",10,15,2.4283201694488525
1996,"[5, 4, 6, 2, 4, 4]","[176, 176, 176, 176, 176, 176]","[5, 5, 4, 6, 3, 5]",6,16,42.0348014831543
1997,"[5, 2, 1, 4, 1, 3]","[128, 128, 128, 128, 128, 128]","[6, 4, 6, 6, 4, 6]",6,17,15.494756698608398
1998,"[4, 4, 3, 2, 6, 1]","[144, 144, 144, 144, 144, 144]","[5, 6, 4, 3, 5, 4]",6,18,19.019506454467773
1999,"[6, 5, 1, 1, 4, 6, 2, 3]","[64, 64, 64, 64, 64, 64, 64, 64]","[6, 3, 4, 4, 5, 5, 5, 5]",8,19,6.003343105316162
