,mlp_ratio,embed_dim,num_heads,layer_num,id,zico
0,"[4, 4, 1, 3, 5, 4, 4, 3, 4, 3]","[192, 192, 192, 192, 192, 192, 192, 192, 192, 192]","[4, 4, 5, 4, 3, 5, 4, 5, 3, 3]",10,0,247.3904
1,"[4, 5, 1, 3, 4, 3]","[48, 48, 48, 48, 48, 48]","[4, 6, 6, 5, 3, 3]",6,1,209.8058
2,"[4, 6, 6, 6, 1, 5, 4, 3, 2]","[112, 112, 112, 112, 112, 112, 112, 112, 112]","[5, 3, 4, 4, 4, 4, 6, 3, 3]",9,2,235.6531
3,"[4, 1, 3, 5, 3, 6, 1, 5]","[96, 96, 96, 96, 96, 96, 96, 96]","[5, 4, 5, 6, 3, 6, 5, 4]",8,3,228.6133
4,"[2, 2, 1, 5, 6]","[64, 64, 64, 64, 64]","[5, 6, 3, 3, 4]",5,4,207.3719
5,"[1, 6, 5, 6]","[192, 192, 192, 192]","[6, 5, 4, 4]",4,5,217.5655
6,"[4, 5, 3, 4, 4, 6, 6, 6]","[32, 32, 32, 32, 32, 32, 32, 32]","[5, 3, 5, 3, 6, 5, 4, 4]",8,6,210.8687
7,"[3, 1, 6, 2, 3, 2, 3, 4, 1]","[128, 128, 128, 128, 128, 128, 128, 128, 128]","[3, 4, 4, 3, 3, 3, 3, 4, 3]",9,7,236.1453
8,"[3, 1, 1, 5]","[144, 144, 144, 144]","[3, 4, 4, 3]",4,8,213.8674
9,"[6, 1, 6, 1, 5]","[48, 48, 48, 48, 48]","[6, 3, 5, 3, 4]",5,9,204.9881
10,"[3, 3, 4, 2, 1, 5, 4, 1, 5]","[192, 192, 192, 192, 192, 192, 192, 192, 192]","[3, 6, 4, 5, 5, 6, 4, 4, 3]",9,10,243.6507
11,"[2, 3, 5, 3, 1]","[176, 176, 176, 176, 176]","[6, 4, 3, 6, 6]",5,11,223.9409
12,"[5, 3, 6, 3, 4, 6, 3, 2, 5, 6]","[176, 176, 176, 176, 176, 176, 176, 176, 176, 176]","[3, 6, 3, 5, 3, 5, 4, 4, 6, 5]",10,12,246.6012
13,"[6, 3, 5, 6, 5, 2]","[240, 240, 240, 240, 240, 240]","[5, 6, 6, 3, 3, 4]",6,13,237.0378
14,"[2, 2, 2, 6, 4, 4]","[144, 144, 144, 144, 144, 144]","[6, 3, 6, 6, 3, 4]",6,14,226.0985
15,"[3, 6, 2, 4]","[112, 112, 112, 112]","[6, 3, 3, 6]",4,15,211.1209
16,"[4, 1, 4, 2, 5, 6]","[32, 32, 32, 32, 32, 32]","[3, 4, 3, 6, 6, 5]",6,16,202.5005
17,"[1, 6, 1, 6, 5]","[96, 96, 96, 96, 96]","[3, 4, 3, 4, 5]",5,17,213.2926
18,"[2, 1, 4, 4, 6, 1, 1, 3, 4]","[32, 32, 32, 32, 32, 32, 32, 32, 32]","[3, 5, 4, 5, 3, 4, 5, 3, 3]",9,18,211.3188
19,"[6, 3, 5, 3, 3]","[160, 160, 160, 160, 160]","[3, 6, 6, 6, 5]",5,19,224.7343
20,"[2, 4, 5, 3, 1]","[112, 112, 112, 112, 112]","[4, 4, 5, 5, 5]",5,0,216.9751
21,"[1, 3, 5, 1, 1, 3, 2, 2, 5]","[96, 96, 96, 96, 96, 96, 96, 96, 96]","[5, 5, 6, 4, 5, 3, 6, 4, 3]",9,1,229.402
22,"[5, 6, 1, 3, 4]","[160, 160, 160, 160, 160]","[5, 5, 6, 3, 3]",5,2,224.4346
23,"[4, 3, 3, 1, 4, 1, 6]","[192, 192, 192, 192, 192, 192, 192]","[6, 6, 3, 5, 5, 4, 4]",7,3,236.7376
24,"[4, 6, 1, 1, 1, 2, 6, 2]","[176, 176, 176, 176, 176, 176, 176, 176]","[3, 6, 3, 3, 6, 5, 6, 6]",8,4,239.1353
25,"[6, 2, 4, 1, 3, 2, 3, 5, 2]","[144, 144, 144, 144, 144, 144, 144, 144, 144]","[6, 4, 5, 3, 3, 3, 6, 4, 3]",9,5,239.8107
26,"[3, 2, 6, 1, 2, 5, 2]","[176, 176, 176, 176, 176, 176, 176]","[3, 4, 6, 6, 5, 4, 3]",7,6,234.621
27,"[2, 5, 4, 6, 6, 4, 5]","[112, 112, 112, 112, 112, 112, 112]","[6, 5, 6, 6, 4, 4, 3]",7,7,227.1526
28,"[6, 3, 3, 1, 5, 2, 3, 5, 2]","[32, 32, 32, 32, 32, 32, 32, 32, 32]","[6, 5, 6, 3, 3, 3, 3, 4, 4]",9,8,213.9295
29,"[1, 4, 3, 2, 2, 6]","[240, 240, 240, 240, 240, 240]","[6, 5, 6, 3, 3, 3]",6,9,233.2847
30,"[2, 3, 5, 5, 4, 4, 4]","[48, 48, 48, 48, 48, 48, 48]","[4, 3, 3, 4, 5, 5, 5]",7,10,212.8198
31,"[3, 3, 4, 4, 4, 1, 2]","[128, 128, 128, 128, 128, 128, 128]","[4, 4, 5, 5, 3, 3, 6]",7,11,229.6401
32,"[4, 5, 6, 1, 6]","[128, 128, 128, 128, 128]","[4, 5, 6, 3, 6]",5,12,220.6601
33,"[1, 1, 4, 2, 1, 1, 5]","[48, 48, 48, 48, 48, 48, 48]","[4, 5, 3, 5, 4, 6, 6]",7,13,210.174
34,"[5, 6, 4, 5]","[128, 128, 128, 128]","[5, 3, 5, 4]",4,14,214.4281
35,"[3, 6, 6, 1, 5, 2, 1, 4, 4, 3]","[80, 80, 80, 80, 80, 80, 80, 80, 80, 80]","[4, 6, 5, 3, 3, 3, 6, 5, 3, 4]",10,15,231.8904
36,"[6, 5, 6, 5]","[128, 128, 128, 128]","[6, 5, 3, 4]",4,16,214.8
37,"[4, 1, 1, 4, 1, 1, 4, 2]","[48, 48, 48, 48, 48, 48, 48, 48]","[3, 6, 6, 6, 3, 6, 5, 5]",8,17,216.2932
38,"[1, 1, 3, 6, 1, 3]","[176, 176, 176, 176, 176, 176]","[5, 4, 3, 4, 5, 3]",6,18,227.4526
39,"[2, 1, 2, 6, 6]","[176, 176, 176, 176, 176]","[3, 3, 5, 5, 3]",5,19,223.3928
40,"[2, 2, 4, 1, 4]","[112, 112, 112, 112, 112]","[5, 5, 4, 3, 4]",5,0,216.4472
41,"[4, 3, 3, 5, 6, 3]","[64, 64, 64, 64, 64, 64]","[4, 3, 3, 5, 4, 6]",6,1,214.593
42,"[2, 3, 5, 2, 2]","[64, 64, 64, 64, 64]","[4, 5, 5, 6, 3]",5,2,207.8387
43,"[1, 4, 1, 6, 1, 2, 4, 3]","[192, 192, 192, 192, 192, 192, 192, 192]","[6, 4, 6, 5, 5, 3, 4, 6]",8,3,237.9515
44,"[6, 5, 1, 4, 4, 1]","[144, 144, 144, 144, 144, 144]","[6, 5, 6, 4, 5, 5]",6,4,228.3804
45,"[2, 1, 3, 1]","[128, 128, 128, 128]","[4, 6, 6, 4]",4,5,211.2448
46,"[2, 2, 4, 3, 5, 2, 3]","[176, 176, 176, 176, 176, 176, 176]","[6, 3, 6, 4, 5, 3, 6]",7,6,233.9332
47,"[1, 2, 3, 1, 6, 3, 5]","[96, 96, 96, 96, 96, 96, 96]","[4, 6, 6, 3, 6, 4, 6]",7,7,222.3754
48,"[1, 1, 3, 6, 1, 1, 3, 4, 5]","[48, 48, 48, 48, 48, 48, 48, 48, 48]","[6, 6, 3, 5, 5, 5, 4, 3, 3]",9,8,216.991
49,"[3, 3, 5, 3, 1, 5, 2, 2, 1, 4]","[112, 112, 112, 112, 112, 112, 112, 112, 112, 112]","[5, 5, 4, 4, 3, 6, 6, 5, 5, 6]",10,9,237.2886
50,"[6, 2, 2, 1, 6, 1, 4, 4]","[144, 144, 144, 144, 144, 144, 144, 144]","[6, 4, 5, 5, 6, 6, 4, 6]",8,10,236.3049
51,"[5, 3, 4, 6, 1, 4, 3, 2, 6]","[192, 192, 192, 192, 192, 192, 192, 192, 192]","[6, 3, 4, 3, 5, 6, 6, 3, 3]",9,11,244.8785
52,"[1, 6, 6, 6, 4, 1, 3, 1, 1, 5]","[240, 240, 240, 240, 240, 240, 240, 240, 240, 240]","[3, 5, 5, 4, 4, 5, 4, 3, 6, 6]",10,12,248.9945
53,"[4, 2, 3, 4, 6, 6]","[80, 80, 80, 80, 80, 80]","[6, 4, 6, 4, 5, 4]",6,13,218.003
54,"[4, 3, 4, 4, 4]","[176, 176, 176, 176, 176]","[6, 4, 4, 6, 4]",5,14,225.5045
55,"[1, 4, 1, 2, 6, 1, 2, 3, 1]","[192, 192, 192, 192, 192, 192, 192, 192, 192]","[4, 4, 5, 3, 5, 5, 6, 6, 3]",9,15,241.2301
56,"[5, 6, 6, 5, 6, 4, 5, 4, 4]","[112, 112, 112, 112, 112, 112, 112, 112, 112]","[5, 6, 4, 5, 5, 3, 3, 3, 4]",9,16,236.3119
57,"[3, 6, 1, 2]","[160, 160, 160, 160]","[3, 6, 4, 6]",4,17,216.309
58,"[4, 2, 3, 5, 1]","[96, 96, 96, 96, 96]","[3, 5, 5, 6, 5]",5,18,215.4584
59,"[5, 1, 2, 3]","[80, 80, 80, 80]","[3, 4, 5, 4]",4,19,205.9436
60,"[6, 6, 6, 3, 3, 5]","[96, 96, 96, 96, 96, 96]","[6, 5, 6, 5, 4, 3]",6,0,222.4884
61,"[1, 1, 4, 4, 6, 4, 1, 4]","[64, 64, 64, 64, 64, 64, 64, 64]","[6, 6, 6, 3, 3, 3, 4, 3]",8,1,218.8184
62,"[2, 4, 5, 1, 4, 5, 4]","[112, 112, 112, 112, 112, 112, 112]","[3, 4, 4, 6, 4, 4, 5]",7,2,226.8149
63,"[4, 1, 5, 3, 5, 5]","[80, 80, 80, 80, 80, 80]","[4, 5, 6, 6, 5, 5]",6,3,217.6857
64,"[1, 5, 6, 1]","[96, 96, 96, 96]","[4, 6, 4, 4]",4,4,206.6112
65,"[6, 1, 6, 5, 5, 4, 1, 1, 4]","[192, 192, 192, 192, 192, 192, 192, 192, 192]","[5, 3, 5, 4, 5, 4, 4, 3, 5]",9,5,244.6934
66,"[2, 3, 6, 4, 3, 5]","[64, 64, 64, 64, 64, 64]","[4, 4, 3, 5, 5, 3]",6,6,213.3377
67,"[2, 2, 5, 1, 2, 2, 4]","[192, 192, 192, 192, 192, 192, 192]","[4, 4, 4, 4, 6, 5, 4]",7,7,235.2023
68,"[1, 5, 1, 5, 5, 3, 4]","[160, 160, 160, 160, 160, 160, 160]","[6, 5, 3, 4, 4, 6, 6]",7,8,231.2608
69,"[6, 1, 3, 2, 5, 4]","[32, 32, 32, 32, 32, 32]","[4, 5, 5, 6, 3, 4]",6,9,203.2423
70,"[6, 6, 2, 3, 4, 6]","[112, 112, 112, 112, 112, 112]","[4, 5, 5, 4, 5, 3]",6,10,224.7402
71,"[5, 1, 6, 6, 2, 3, 1, 4]","[32, 32, 32, 32, 32, 32, 32, 32]","[3, 3, 4, 3, 3, 4, 5, 3]",8,11,210.3302
72,"[6, 4, 2, 2, 4, 4]","[128, 128, 128, 128, 128, 128]","[4, 5, 5, 4, 5, 6]",6,12,226.549
73,"[4, 3, 5, 5]","[128, 128, 128, 128]","[6, 3, 3, 6]",4,13,213.6529
74,"[1, 5, 2, 5, 6]","[80, 80, 80, 80, 80]","[4, 3, 5, 4, 4]",5,14,210.4252
75,"[2, 6, 6, 5]","[176, 176, 176, 176]","[4, 3, 6, 3]",4,15,217.6274
76,"[4, 6, 2, 5, 5, 1, 3, 3, 6]","[80, 80, 80, 80, 80, 80, 80, 80, 80]","[6, 3, 3, 6, 3, 5, 5, 4, 6]",9,16,229.5778
77,"[3, 2, 6, 4, 3, 3, 4, 4]","[128, 128, 128, 128, 128, 128, 128, 128]","[3, 5, 5, 6, 3, 5, 3, 6]",8,17,233.4247
78,"[1, 4, 3, 4, 1, 1, 3, 6, 1]","[80, 80, 80, 80, 80, 80, 80, 80, 80]","[5, 5, 4, 5, 6, 5, 4, 3, 5]",9,18,226.4617
79,"[6, 6, 5, 6, 3, 2, 2, 3]","[144, 144, 144, 144, 144, 144, 144, 144]","[3, 3, 4, 5, 5, 5, 5, 5]",8,19,237.4025
80,"[4, 5, 4, 2, 1, 2, 5, 1, 4, 2]","[48, 48, 48, 48, 48, 48, 48, 48, 48, 48]","[5, 3, 6, 5, 4, 3, 6, 5, 4, 4]",10,0,223.1974
81,"[6, 2, 5, 1, 5, 6, 5, 5, 4]","[112, 112, 112, 112, 112, 112, 112, 112, 112]","[6, 5, 5, 5, 3, 6, 5, 5, 5]",9,1,235.7208
82,"[6, 4, 2, 1, 5]","[160, 160, 160, 160, 160]","[4, 6, 5, 6, 3]",5,2,224.551
83,"[6, 5, 2, 1, 3, 5, 2]","[64, 64, 64, 64, 64, 64, 64]","[4, 5, 6, 3, 4, 4, 5]",7,3,219.3993
84,"[4, 1, 5, 4, 2, 6, 6, 4, 5, 6]","[112, 112, 112, 112, 112, 112, 112, 112, 112, 112]","[3, 4, 4, 6, 3, 6, 6, 5, 5, 6]",10,4,237.6912
85,"[3, 1, 3, 1, 4, 1, 3, 2]","[176, 176, 176, 176, 176, 176, 176, 176]","[6, 6, 6, 6, 3, 6, 5, 4]",8,5,237.8613
86,"[3, 3, 1, 4, 4, 5, 2, 1, 1]","[32, 32, 32, 32, 32, 32, 32, 32, 32]","[5, 5, 3, 3, 4, 3, 6, 3, 5]",9,6,212.3595
87,"[4, 2, 6, 3, 4, 6]","[64, 64, 64, 64, 64, 64]","[4, 4, 6, 5, 3, 4]",6,7,214.4862
88,"[4, 6, 6, 6, 6]","[176, 176, 176, 176, 176]","[3, 3, 6, 4, 5]",5,8,226.1188
89,"[1, 1, 5, 2, 3, 2, 3, 3, 6, 6]","[48, 48, 48, 48, 48, 48, 48, 48, 48, 48]","[5, 5, 6, 4, 6, 4, 3, 4, 3, 5]",10,9,219.7183
90,"[6, 4, 5, 2, 4]","[160, 160, 160, 160, 160]","[4, 5, 4, 6, 3]",5,10,224.9275
91,"[5, 3, 1, 1]","[112, 112, 112, 112]","[3, 6, 5, 6]",4,11,211.3202
92,"[4, 5, 3, 6, 1, 2, 3, 1, 2, 6]","[176, 176, 176, 176, 176, 176, 176, 176, 176, 176]","[4, 3, 5, 4, 3, 6, 3, 5, 6, 3]",10,12,246.014
93,"[6, 2, 3, 1, 4, 1, 4, 3, 5, 5]","[48, 48, 48, 48, 48, 48, 48, 48, 48, 48]","[5, 5, 6, 6, 4, 3, 6, 5, 4, 6]",10,13,223.4205
94,"[1, 1, 1, 3, 1, 2]","[48, 48, 48, 48, 48, 48]","[6, 3, 5, 6, 6, 6]",6,14,205.8485
95,"[1, 5, 4, 3, 1, 6, 5, 1, 1, 3]","[64, 64, 64, 64, 64, 64, 64, 64, 64, 64]","[5, 3, 6, 3, 4, 5, 3, 3, 6, 5]",10,15,225.4964
96,"[6, 2, 2, 2, 2, 6, 6, 2]","[112, 112, 112, 112, 112, 112, 112, 112]","[5, 3, 6, 6, 3, 4, 4, 5]",8,16,232.1519
97,"[2, 3, 2, 2, 4]","[64, 64, 64, 64, 64]","[6, 5, 4, 6, 3]",5,17,207.5757
98,"[1, 6, 4, 6, 2, 2, 1, 1]","[32, 32, 32, 32, 32, 32, 32, 32]","[5, 3, 3, 3, 3, 4, 4, 6]",8,18,207.8435
99,"[4, 5, 6, 3, 6, 2, 2]","[48, 48, 48, 48, 48, 48, 48]","[5, 4, 6, 3, 4, 6, 5]",7,19,214.284
100,"[4, 2, 4, 4, 2, 4, 2]","[176, 176, 176, 176, 176, 176, 176]","[6, 6, 3, 5, 5, 5, 3]",7,0,235.2894
101,"[4, 2, 3, 1, 5, 3, 4, 6]","[48, 48, 48, 48, 48, 48, 48, 48]","[3, 3, 4, 6, 3, 6, 6, 6]",8,1,217.1612
102,"[4, 5, 4, 2, 2, 3, 4, 4, 2]","[96, 96, 96, 96, 96, 96, 96, 96, 96]","[5, 3, 5, 5, 4, 5, 6, 3, 4]",9,2,232.6814
103,"[6, 5, 3, 3, 4]","[96, 96, 96, 96, 96]","[3, 5, 6, 3, 6]",5,3,216.8938
104,"[6, 2, 3, 2, 2, 1, 5]","[192, 192, 192, 192, 192, 192, 192]","[5, 4, 3, 6, 6, 6, 3]",7,4,237.3095
105,"[6, 6, 1, 4, 5, 6, 5, 2, 2]","[240, 240, 240, 240, 240, 240, 240, 240, 240]","[4, 4, 4, 4, 3, 4, 6, 5, 5]",9,5,249.251
106,"[3, 6, 1, 4, 3, 2, 3, 6, 5, 3]","[128, 128, 128, 128, 128, 128, 128, 128, 128, 128]","[4, 6, 5, 4, 6, 5, 6, 6, 5, 6]",10,6,239.918
107,"[1, 6, 2, 2, 1, 5, 5, 6, 6, 5]","[112, 112, 112, 112, 112, 112, 112, 112, 112, 112]","[3, 4, 3, 5, 4, 6, 3, 3, 3, 3]",10,7,235.5101
108,"[6, 4, 3, 1, 6, 4, 3, 5, 6, 3]","[240, 240, 240, 240, 240, 240, 240, 240, 240, 240]","[6, 4, 4, 3, 4, 3, 4, 6, 4, 6]",10,8,252.2447
109,"[4, 3, 1, 5, 2, 4, 2, 4, 5]","[176, 176, 176, 176, 176, 176, 176, 176, 176]","[3, 6, 3, 6, 5, 4, 6, 3, 6]",9,9,242.5813
110,"[3, 5, 4, 5]","[80, 80, 80, 80]","[6, 6, 5, 4]",4,10,206.0927
111,"[3, 2, 3, 5, 2, 4, 1, 1]","[96, 96, 96, 96, 96, 96, 96, 96]","[6, 6, 6, 3, 5, 6, 4, 3]",8,11,228.257
112,"[3, 1, 2, 6, 1]","[160, 160, 160, 160, 160]","[4, 4, 3, 3, 6]",5,12,222.5011
113,"[5, 4, 6, 6, 1, 4, 5, 3, 3]","[144, 144, 144, 144, 144, 144, 144, 144, 144]","[3, 3, 4, 4, 6, 5, 5, 4, 3]",9,13,240.2398
114,"[5, 3, 1, 1, 3, 5]","[96, 96, 96, 96, 96, 96]","[6, 4, 5, 6, 4, 4]",6,14,221.0625
115,"[6, 4, 6, 3, 3]","[160, 160, 160, 160, 160]","[6, 4, 3, 6, 5]",5,15,224.9584
116,"[4, 2, 6, 6, 3, 6, 3, 4, 3, 3]","[240, 240, 240, 240, 240, 240, 240, 240, 240, 240]","[6, 5, 3, 6, 5, 3, 6, 4, 5, 4]",10,16,251.419
117,"[3, 4, 2, 1, 6]","[192, 192, 192, 192, 192]","[6, 6, 6, 6, 4]",5,17,226.1246
118,"[5, 3, 4, 2, 3, 5, 6]","[32, 32, 32, 32, 32, 32, 32]","[3, 3, 6, 5, 6, 4, 6]",7,18,207.4568
119,"[1, 4, 1, 3, 2, 6, 3, 2]","[160, 160, 160, 160, 160, 160, 160, 160]","[3, 4, 5, 3, 4, 3, 3, 6]",8,19,234.8734
120,"[2, 1, 5, 5]","[32, 32, 32, 32]","[4, 3, 6, 4]",4,0,190.3566
121,"[5, 4, 1, 5, 2, 2, 2, 4]","[32, 32, 32, 32, 32, 32, 32, 32]","[6, 6, 3, 6, 4, 6, 3, 5]",8,1,210.6061
122,"[3, 6, 3, 3, 6, 4, 6, 2]","[128, 128, 128, 128, 128, 128, 128, 128]","[3, 5, 3, 3, 5, 3, 4, 4]",8,2,233.9366
123,"[5, 6, 3, 2, 4]","[144, 144, 144, 144, 144]","[3, 3, 6, 3, 6]",5,3,223.0003
124,"[4, 5, 3, 2, 4]","[144, 144, 144, 144, 144]","[5, 6, 3, 5, 4]",5,4,222.385
125,"[3, 4, 4, 1, 4]","[80, 80, 80, 80, 80]","[3, 6, 6, 4, 6]",5,5,212.2857
126,"[4, 4, 2, 2, 4, 3]","[160, 160, 160, 160, 160, 160]","[5, 6, 4, 3, 4, 5]",6,6,229.3457
127,"[6, 1, 1, 2, 3, 1, 3, 5, 2]","[112, 112, 112, 112, 112, 112, 112, 112, 112]","[6, 6, 4, 6, 6, 4, 4, 6, 3]",9,7,234.6424
128,"[6, 5, 2, 6, 3, 2, 5, 5, 6, 5]","[32, 32, 32, 32, 32, 32, 32, 32, 32, 32]","[6, 4, 6, 4, 6, 3, 4, 6, 5, 4]",10,8,217.2566
129,"[1, 2, 2, 4]","[192, 192, 192, 192]","[4, 3, 6, 5]",4,9,216.6226
130,"[4, 6, 2, 2, 3, 5]","[48, 48, 48, 48, 48, 48]","[5, 6, 6, 6, 5, 6]",6,10,209.9159
131,"[2, 1, 2, 4, 4]","[80, 80, 80, 80, 80]","[4, 5, 3, 3, 6]",5,11,210.8077
132,"[4, 5, 5, 4]","[96, 96, 96, 96]","[4, 3, 4, 6]",4,12,209.5735
133,"[5, 5, 1, 1, 5, 6, 4]","[80, 80, 80, 80, 80, 80, 80]","[3, 4, 6, 5, 5, 3, 3]",7,13,222.7599
134,"[1, 5, 5, 3, 2, 4, 3, 1]","[48, 48, 48, 48, 48, 48, 48, 48]","[6, 5, 4, 6, 6, 5, 4, 5]",8,14,214.884
135,"[2, 3, 6, 5]","[112, 112, 112, 112]","[6, 3, 6, 6]",4,15,210.2334
136,"[6, 1, 1, 4, 5, 6, 2]","[96, 96, 96, 96, 96, 96, 96]","[4, 3, 3, 6, 4, 3, 5]",7,16,225.4594
137,"[1, 3, 3, 3, 5, 6, 2]","[112, 112, 112, 112, 112, 112, 112]","[3, 5, 3, 4, 6, 3, 5]",7,17,225.2729
138,"[3, 1, 5, 5, 4]","[144, 144, 144, 144, 144]","[3, 5, 3, 3, 4]",5,18,221.1901
139,"[5, 2, 3, 1]","[80, 80, 80, 80]","[4, 4, 4, 6]",4,19,206.3105
140,"[6, 6, 4, 3, 2, 3, 6, 3]","[192, 192, 192, 192, 192, 192, 192, 192]","[4, 4, 6, 5, 4, 5, 3, 3]",8,0,242.1886
141,"[3, 3, 6, 3, 1, 1, 5, 1, 3, 1]","[176, 176, 176, 176, 176, 176, 176, 176, 176, 176]","[4, 5, 4, 5, 6, 3, 6, 6, 3, 3]",10,1,245.1135
142,"[3, 2, 3, 2, 6, 4, 6]","[112, 112, 112, 112, 112, 112, 112]","[5, 3, 3, 3, 5, 3, 5]",7,2,227.233
143,"[6, 3, 1, 6, 2, 6, 5, 2]","[160, 160, 160, 160, 160, 160, 160, 160]","[5, 3, 6, 6, 5, 4, 5, 5]",8,3,238.4535
144,"[4, 6, 1, 4, 3, 2, 5]","[96, 96, 96, 96, 96, 96, 96]","[3, 4, 6, 6, 3, 4, 3]",7,4,225.6003
145,"[2, 2, 4, 1]","[144, 144, 144, 144]","[5, 6, 3, 4]",4,5,213.492
146,"[3, 4, 4, 4, 6, 1]","[96, 96, 96, 96, 96, 96]","[4, 5, 4, 4, 4, 4]",6,6,220.7369
147,"[2, 2, 5, 3, 5, 1, 2, 2, 6, 4]","[128, 128, 128, 128, 128, 128, 128, 128, 128, 128]","[4, 4, 4, 4, 4, 5, 3, 6, 4, 3]",10,7,238.7939
148,"[4, 5, 4, 2, 4]","[48, 48, 48, 48, 48]","[6, 3, 4, 3, 3]",5,8,205.1253
149,"[6, 2, 6, 4]","[192, 192, 192, 192]","[6, 5, 6, 5]",4,9,220.4842
150,"[3, 6, 1, 2, 5, 2, 6]","[240, 240, 240, 240, 240, 240, 240]","[4, 3, 3, 3, 6, 4, 6]",7,10,240.1939
151,"[6, 2, 5, 6, 5, 3, 1, 5, 2, 3]","[144, 144, 144, 144, 144, 144, 144, 144, 144, 144]","[5, 5, 5, 5, 4, 3, 6, 4, 6, 5]",10,11,243.0745
152,"[4, 2, 4, 3, 6, 3]","[80, 80, 80, 80, 80, 80]","[5, 6, 6, 6, 5, 4]",6,12,217.9658
153,"[2, 3, 5, 2, 5, 2, 5]","[240, 240, 240, 240, 240, 240, 240]","[6, 5, 5, 6, 5, 6, 3]",7,13,239.3945
154,"[3, 4, 6, 1, 1]","[64, 64, 64, 64, 64]","[4, 3, 5, 3, 4]",5,14,208.7438
155,"[2, 6, 3, 5, 3, 1, 6, 6]","[112, 112, 112, 112, 112, 112, 112, 112]","[3, 3, 4, 5, 4, 6, 6, 5]",8,15,230.847
156,"[5, 4, 1, 6]","[112, 112, 112, 112]","[3, 4, 3, 5]",4,16,211.8623
157,"[2, 4, 2, 3, 2, 2, 4, 6, 2]","[96, 96, 96, 96, 96, 96, 96, 96, 96]","[6, 4, 3, 3, 6, 3, 4, 3, 6]",9,17,231.0683
158,"[6, 6, 5, 2, 6, 1]","[176, 176, 176, 176, 176, 176]","[5, 4, 5, 5, 6, 6]",6,18,232.1479
159,"[3, 6, 1, 4, 2, 1]","[64, 64, 64, 64, 64, 64]","[5, 6, 6, 6, 4, 6]",6,19,213.6161
160,"[6, 1, 5, 1, 2, 6, 4, 3, 6]","[176, 176, 176, 176, 176, 176, 176, 176, 176]","[3, 6, 5, 5, 3, 5, 3, 3, 3]",9,0,242.9933
161,"[2, 1, 4, 4]","[48, 48, 48, 48]","[6, 3, 5, 4]",4,1,196.5543
162,"[4, 6, 5, 6, 2, 1, 2, 4, 1]","[160, 160, 160, 160, 160, 160, 160, 160, 160]","[3, 6, 4, 5, 6, 6, 3, 6, 4]",9,2,241.5589
163,"[6, 2, 5, 2, 1]","[128, 128, 128, 128, 128]","[6, 5, 5, 5, 4]",5,3,220.7398
164,"[1, 6, 1, 5, 1, 1, 6, 3, 2]","[48, 48, 48, 48, 48, 48, 48, 48, 48]","[4, 4, 3, 5, 3, 5, 4, 5, 3]",9,4,217.6896
165,"[2, 3, 4, 3, 6, 4]","[128, 128, 128, 128, 128, 128]","[6, 3, 3, 5, 6, 6]",6,5,224.4734
166,"[4, 5, 4, 5, 1, 2, 2, 6]","[192, 192, 192, 192, 192, 192, 192, 192]","[6, 5, 4, 3, 4, 4, 3, 6]",8,6,241.1746
167,"[1, 6, 1, 5, 3, 5, 3, 3]","[112, 112, 112, 112, 112, 112, 112, 112]","[6, 6, 5, 6, 5, 4, 3, 6]",8,7,229.1135
168,"[5, 1, 2, 5, 1, 4]","[32, 32, 32, 32, 32, 32]","[3, 5, 6, 4, 3, 3]",6,8,202.601
169,"[3, 1, 3, 2, 3, 3, 4, 4]","[160, 160, 160, 160, 160, 160, 160, 160]","[6, 3, 4, 6, 5, 4, 3, 6]",8,9,236.5025
170,"[2, 4, 6, 3, 6, 5, 4, 2, 1]","[80, 80, 80, 80, 80, 80, 80, 80, 80]","[6, 4, 6, 5, 5, 6, 4, 6, 6]",9,10,228.2707
171,"[4, 3, 2, 2, 3, 2]","[80, 80, 80, 80, 80, 80]","[5, 6, 4, 5, 4, 5]",6,11,217.8296
172,"[3, 5, 2, 5, 6]","[176, 176, 176, 176, 176]","[3, 6, 6, 4, 4]",5,12,225.1119
173,"[5, 2, 6, 1, 5, 4]","[128, 128, 128, 128, 128, 128]","[4, 5, 6, 5, 4, 5]",6,13,225.986
174,"[6, 1, 1, 2, 2, 5]","[128, 128, 128, 128, 128, 128]","[4, 6, 3, 5, 5, 6]",6,14,225.4985
175,"[3, 6, 6, 6, 6, 4, 1, 1, 1, 3]","[192, 192, 192, 192, 192, 192, 192, 192, 192, 192]","[4, 5, 6, 5, 6, 6, 5, 4, 3, 3]",10,15,247.3782
176,"[5, 1, 6, 5]","[32, 32, 32, 32]","[5, 3, 4, 3]",4,16,192.125
177,"[1, 6, 3, 1, 5, 4, 6, 2, 5, 5]","[144, 144, 144, 144, 144, 144, 144, 144, 144, 144]","[4, 5, 5, 4, 4, 4, 4, 4, 4, 5]",10,17,239.946
178,"[3, 2, 6, 5, 3, 2, 1, 2, 6, 4]","[32, 32, 32, 32, 32, 32, 32, 32, 32, 32]","[4, 4, 3, 5, 6, 4, 5, 3, 5, 4]",10,18,215.4913
179,"[2, 6, 5, 6, 1]","[160, 160, 160, 160, 160]","[6, 4, 4, 6, 3]",5,19,222.9303
180,"[2, 6, 2, 4, 3, 6]","[144, 144, 144, 144, 144, 144]","[6, 4, 5, 4, 3, 5]",6,0,226.6593
181,"[3, 5, 5, 3, 2, 3]","[160, 160, 160, 160, 160, 160]","[6, 3, 4, 6, 3, 3]",6,1,229.1003
182,"[2, 6, 4, 2, 4, 3, 6, 5, 2, 2]","[240, 240, 240, 240, 240, 240, 240, 240, 240, 240]","[3, 5, 6, 5, 6, 3, 5, 6, 6, 4]",10,2,250.3666
183,"[5, 5, 2, 6, 1, 3, 5, 4, 5]","[160, 160, 160, 160, 160, 160, 160, 160, 160]","[6, 4, 6, 4, 6, 3, 3, 6, 3]",9,3,241.8467
184,"[4, 6, 6, 2, 1, 2, 2, 2, 1]","[48, 48, 48, 48, 48, 48, 48, 48, 48]","[6, 6, 3, 4, 4, 4, 6, 3, 4]",9,4,220.7313
185,"[2, 5, 2, 5, 5, 5, 6, 5]","[240, 240, 240, 240, 240, 240, 240, 240]","[6, 6, 5, 6, 3, 5, 5, 4]",8,5,243.7648
186,"[1, 2, 4, 2, 5, 6, 2, 1, 2]","[192, 192, 192, 192, 192, 192, 192, 192, 192]","[4, 6, 6, 3, 5, 5, 6, 5, 5]",9,6,241.3247
187,"[5, 1, 4, 3]","[80, 80, 80, 80]","[3, 4, 4, 6]",4,7,206.1236
188,"[1, 4, 3, 2, 5, 6, 3, 6, 6, 2]","[128, 128, 128, 128, 128, 128, 128, 128, 128, 128]","[3, 5, 5, 3, 5, 4, 4, 5, 6, 6]",10,8,237.7798
189,"[2, 4, 1, 3]","[64, 64, 64, 64]","[4, 4, 6, 5]",4,9,201.3412
190,"[2, 5, 4, 3, 6, 2, 1, 2]","[192, 192, 192, 192, 192, 192, 192, 192]","[4, 6, 6, 4, 3, 5, 6, 3]",8,10,239.8083
191,"[6, 1, 1, 4, 2, 5]","[240, 240, 240, 240, 240, 240]","[3, 3, 3, 6, 5, 5]",6,11,235.8716
192,"[4, 2, 2, 6, 1, 6, 5, 6]","[176, 176, 176, 176, 176, 176, 176, 176]","[4, 6, 4, 3, 4, 4, 4, 4]",8,12,239.2021
193,"[2, 1, 1, 3, 1, 3, 5, 4]","[112, 112, 112, 112, 112, 112, 112, 112]","[5, 6, 3, 3, 4, 6, 3, 5]",8,13,229.283
194,"[6, 4, 4, 1, 3, 6]","[144, 144, 144, 144, 144, 144]","[4, 4, 3, 4, 4, 4]",6,14,228.5781
195,"[1, 3, 4, 5, 5, 5]","[144, 144, 144, 144, 144, 144]","[4, 5, 6, 4, 5, 3]",6,15,225.1066
196,"[6, 3, 2, 6, 3, 3, 1, 3, 2]","[64, 64, 64, 64, 64, 64, 64, 64, 64]","[6, 3, 6, 6, 3, 5, 6, 6, 4]",9,16,225.9731
197,"[1, 3, 1, 4, 6, 3, 2, 4, 4, 3]","[192, 192, 192, 192, 192, 192, 192, 192, 192, 192]","[6, 4, 6, 5, 4, 3, 4, 5, 5, 3]",10,17,244.4586
198,"[4, 3, 3, 5]","[192, 192, 192, 192]","[4, 5, 6, 4]",4,18,219.7664
199,"[2, 3, 6, 4]","[128, 128, 128, 128]","[6, 4, 5, 6]",4,19,212.2957
200,"[3, 5, 1, 1, 5, 4, 2]","[128, 128, 128, 128, 128, 128, 128]","[3, 3, 6, 6, 4, 6, 3]",7,0,229.4462
201,"[6, 3, 5, 2]","[32, 32, 32, 32]","[5, 5, 3, 5]",4,1,192.8779
202,"[1, 1, 3, 3, 4]","[160, 160, 160, 160, 160]","[4, 4, 5, 6, 5]",5,2,220.4632
203,"[4, 4, 1, 1, 1]","[160, 160, 160, 160, 160]","[3, 5, 4, 5, 3]",5,3,223.3812
204,"[3, 1, 1, 5, 5, 3, 6, 1, 2, 1]","[32, 32, 32, 32, 32, 32, 32, 32, 32, 32]","[4, 6, 4, 4, 6, 5, 4, 6, 3, 6]",10,4,214.6261
205,"[1, 3, 1, 6]","[80, 80, 80, 80]","[6, 4, 5, 6]",4,5,203.2877
206,"[6, 5, 5, 5, 3, 2, 4]","[192, 192, 192, 192, 192, 192, 192]","[3, 6, 4, 5, 5, 5, 6]",7,6,238.2606
207,"[6, 4, 6, 6, 3, 3, 3, 2, 2, 2]","[240, 240, 240, 240, 240, 240, 240, 240, 240, 240]","[6, 5, 3, 5, 6, 5, 4, 3, 3, 6]",10,7,252.4645
208,"[2, 2, 4, 6, 5, 3, 5, 2]","[176, 176, 176, 176, 176, 176, 176, 176]","[3, 6, 6, 6, 6, 5, 3, 4]",8,8,238.0258
209,"[1, 4, 2, 6, 1]","[32, 32, 32, 32, 32]","[6, 5, 4, 3, 6]",5,9,195.3443
210,"[4, 6, 6, 3, 6, 1, 2, 5]","[128, 128, 128, 128, 128, 128, 128, 128]","[5, 6, 6, 5, 3, 3, 3, 5]",8,10,234.5231
211,"[4, 4, 6, 6, 6, 2, 3, 4, 4]","[144, 144, 144, 144, 144, 144, 144, 144, 144]","[3, 6, 5, 6, 4, 6, 6, 6, 5]",9,11,239.9433
212,"[3, 3, 4, 5, 6, 2, 3, 1]","[128, 128, 128, 128, 128, 128, 128, 128]","[6, 6, 6, 5, 3, 4, 5, 4]",8,12,233.5296
213,"[5, 3, 2, 2]","[176, 176, 176, 176]","[6, 3, 3, 4]",4,13,218.58
214,"[2, 6, 2, 1]","[128, 128, 128, 128]","[6, 6, 4, 5]",4,14,212.148
215,"[3, 5, 1, 2, 4, 2, 1]","[176, 176, 176, 176, 176, 176, 176]","[3, 6, 5, 5, 5, 6, 3]",7,15,234.7161
216,"[3, 3, 4, 1, 1, 6, 6, 3, 2, 4]","[96, 96, 96, 96, 96, 96, 96, 96, 96, 96]","[5, 4, 6, 3, 6, 3, 3, 3, 5, 3]",10,16,234.5955
217,"[1, 1, 1, 5, 1, 2]","[48, 48, 48, 48, 48, 48]","[4, 6, 3, 4, 3, 4]",6,17,205.9602
218,"[6, 1, 5, 6]","[128, 128, 128, 128]","[3, 4, 3, 6]",4,18,213.8768
219,"[1, 4, 6, 4]","[240, 240, 240, 240]","[4, 3, 4, 5]",4,19,220.7247
220,"[4, 5, 2, 1, 6, 5, 1, 6, 5, 2]","[112, 112, 112, 112, 112, 112, 112, 112, 112, 112]","[3, 6, 5, 5, 6, 5, 4, 3, 4, 6]",10,0,238.0266
221,"[3, 3, 5, 3, 1, 1, 1, 2, 3]","[64, 64, 64, 64, 64, 64, 64, 64, 64]","[4, 4, 4, 3, 6, 6, 4, 5, 5]",9,1,224.6386
222,"[1, 2, 6, 3, 6, 3, 2, 6, 1, 5]","[96, 96, 96, 96, 96, 96, 96, 96, 96, 96]","[6, 4, 5, 5, 4, 3, 4, 5, 6, 3]",10,2,232.5691
223,"[4, 5, 3, 1, 6, 3, 2, 4, 1, 4]","[80, 80, 80, 80, 80, 80, 80, 80, 80, 80]","[5, 4, 5, 3, 5, 3, 5, 6, 3, 5]",10,3,232.2699
224,"[6, 2, 3, 3, 5, 6, 1, 2, 4]","[112, 112, 112, 112, 112, 112, 112, 112, 112]","[4, 3, 6, 5, 3, 5, 3, 3, 4]",9,4,235.656
225,"[4, 2, 5, 5, 2]","[112, 112, 112, 112, 112]","[3, 4, 6, 6, 5]",5,5,218.1065
226,"[1, 1, 4, 3, 2, 4]","[128, 128, 128, 128, 128, 128]","[4, 6, 3, 4, 6, 6]",6,6,222.3427
227,"[2, 6, 4, 4, 4]","[96, 96, 96, 96, 96]","[4, 5, 3, 4, 3]",5,7,214.9369
228,"[2, 1, 2, 3, 2, 4, 3, 5, 6]","[96, 96, 96, 96, 96, 96, 96, 96, 96]","[6, 5, 6, 6, 6, 3, 5, 5, 5]",9,8,230.3447
229,"[3, 4, 5, 5, 1, 4, 6, 5, 5]","[240, 240, 240, 240, 240, 240, 240, 240, 240]","[4, 6, 5, 6, 3, 3, 6, 3, 5]",9,9,247.9916
230,"[1, 1, 4, 6, 4, 5, 3, 5, 4, 5]","[48, 48, 48, 48, 48, 48, 48, 48, 48, 48]","[6, 6, 4, 3, 5, 4, 5, 6, 3, 4]",10,10,220.1945
231,"[5, 4, 6, 2, 4]","[144, 144, 144, 144, 144]","[5, 6, 4, 6, 5]",5,11,222.8898
232,"[6, 5, 6, 2, 1, 3]","[64, 64, 64, 64, 64, 64]","[5, 6, 3, 5, 4, 4]",6,12,215.3012
233,"[3, 2, 1, 1]","[64, 64, 64, 64]","[6, 6, 3, 3]",4,13,201.3585
234,"[4, 5, 2, 5, 3, 1, 3, 3, 2]","[176, 176, 176, 176, 176, 176, 176, 176, 176]","[6, 5, 3, 5, 3, 3, 3, 5, 5]",9,14,242.9387
235,"[2, 1, 6, 4, 4, 4]","[192, 192, 192, 192, 192, 192]","[4, 3, 6, 5, 6, 6]",6,15,230.6028
236,"[4, 2, 4, 2, 4, 6, 2]","[144, 144, 144, 144, 144, 144, 144]","[5, 3, 4, 6, 5, 5, 5]",7,16,231.945
237,"[2, 2, 4, 2, 6, 3]","[64, 64, 64, 64, 64, 64]","[4, 6, 4, 3, 6, 5]",6,17,212.821
238,"[6, 3, 2, 3]","[112, 112, 112, 112]","[5, 3, 3, 6]",4,18,212.0878
239,"[3, 3, 3, 1, 2, 6, 6, 3, 6, 2]","[128, 128, 128, 128, 128, 128, 128, 128, 128, 128]","[4, 4, 6, 4, 3, 5, 3, 3, 6, 3]",10,19,239.6518
240,"[4, 6, 2, 6, 2, 1, 1]","[80, 80, 80, 80, 80, 80, 80]","[4, 3, 6, 3, 5, 3, 3]",7,0,222.5055
241,"[6, 3, 4, 2, 5, 4, 6, 3, 3, 6]","[112, 112, 112, 112, 112, 112, 112, 112, 112, 112]","[4, 6, 5, 4, 4, 3, 4, 5, 6, 3]",10,1,238.9545
242,"[4, 3, 4, 1, 2, 3, 2, 4]","[80, 80, 80, 80, 80, 80, 80, 80]","[4, 4, 3, 4, 6, 6, 3, 5]",8,2,225.8904
243,"[3, 2, 2, 2]","[160, 160, 160, 160]","[5, 6, 5, 6]",4,3,215.8662
244,"[3, 3, 1, 5, 6, 5, 2, 3, 2]","[112, 112, 112, 112, 112, 112, 112, 112, 112]","[3, 5, 6, 4, 3, 3, 6, 6, 6]",9,4,234.3149
245,"[3, 2, 3, 4, 2, 5, 6, 6]","[32, 32, 32, 32, 32, 32, 32, 32]","[3, 6, 4, 3, 3, 3, 4, 3]",8,5,209.6716
246,"[3, 6, 2, 1, 6, 1]","[80, 80, 80, 80, 80, 80]","[4, 4, 5, 6, 5, 6]",6,6,217.5819
247,"[6, 1, 5, 6, 2, 5, 1]","[112, 112, 112, 112, 112, 112, 112]","[6, 3, 6, 4, 4, 3, 4]",7,7,228.2321
248,"[3, 3, 4, 3, 5, 4, 4, 3, 3, 5]","[96, 96, 96, 96, 96, 96, 96, 96, 96, 96]","[5, 6, 5, 6, 5, 6, 5, 3, 4, 6]",10,8,234.9519
249,"[4, 6, 6, 6, 2, 2, 4]","[192, 192, 192, 192, 192, 192, 192]","[4, 4, 4, 3, 5, 4, 4]",7,9,237.5882
250,"[1, 4, 2, 4, 2, 1, 1]","[112, 112, 112, 112, 112, 112, 112]","[3, 3, 3, 4, 4, 4, 5]",7,10,225.0415
251,"[1, 4, 4, 2]","[176, 176, 176, 176]","[5, 4, 4, 6]",4,11,215.7416
252,"[1, 2, 4, 1, 6, 2]","[144, 144, 144, 144, 144, 144]","[4, 4, 5, 5, 5, 4]",6,12,224.5451
253,"[3, 5, 1, 1, 4, 1, 1, 2, 3]","[96, 96, 96, 96, 96, 96, 96, 96, 96]","[6, 4, 5, 6, 3, 5, 3, 6, 6]",9,13,231.4709
254,"[4, 6, 1, 3, 3]","[176, 176, 176, 176, 176]","[4, 3, 5, 6, 3]",5,14,225.4503
255,"[2, 2, 6, 5, 5, 3, 6, 6, 4]","[48, 48, 48, 48, 48, 48, 48, 48, 48]","[3, 6, 5, 6, 5, 3, 6, 3, 6]",9,15,219.338
256,"[3, 3, 3, 5, 2]","[128, 128, 128, 128, 128]","[6, 6, 3, 5, 4]",5,16,219.719
257,"[1, 3, 2, 5, 2, 1, 4, 5, 4, 5]","[80, 80, 80, 80, 80, 80, 80, 80, 80, 80]","[4, 6, 5, 4, 5, 4, 3, 3, 4, 3]",10,17,229.2555
258,"[6, 6, 2, 1, 4, 3, 3]","[80, 80, 80, 80, 80, 80, 80]","[5, 5, 6, 3, 5, 6, 6]",7,18,223.3357
259,"[6, 6, 4, 1, 5, 5, 6, 4, 6, 3]","[64, 64, 64, 64, 64, 64, 64, 64, 64, 64]","[4, 5, 5, 4, 4, 5, 4, 3, 5, 6]",10,19,229.4833
260,"[3, 6, 5, 2, 4, 1]","[192, 192, 192, 192, 192, 192]","[3, 4, 6, 6, 3, 3]",6,0,232.1461
261,"[2, 5, 1, 2, 3, 6, 4, 5]","[144, 144, 144, 144, 144, 144, 144, 144]","[3, 4, 4, 3, 6, 5, 4, 3]",8,1,234.7005
262,"[1, 6, 1, 5]","[160, 160, 160, 160]","[4, 4, 6, 4]",4,2,214.308
263,"[5, 6, 5, 1, 2, 3]","[176, 176, 176, 176, 176, 176]","[3, 5, 5, 4, 5, 3]",6,3,231.6143
264,"[3, 1, 3, 3, 3, 1, 3]","[80, 80, 80, 80, 80, 80, 80]","[4, 5, 3, 3, 6, 3, 6]",7,4,221.0498
265,"[4, 5, 4, 3, 1, 2, 6, 5, 4, 5]","[32, 32, 32, 32, 32, 32, 32, 32, 32, 32]","[3, 3, 3, 3, 4, 6, 6, 4, 4, 3]",10,5,216.2537
266,"[1, 4, 4, 3, 2, 4, 1, 6, 3, 6]","[144, 144, 144, 144, 144, 144, 144, 144, 144, 144]","[6, 4, 5, 4, 3, 6, 6, 3, 4, 5]",10,6,239.8086
267,"[2, 5, 2, 2, 1, 2, 1, 3, 3]","[176, 176, 176, 176, 176, 176, 176, 176, 176]","[5, 5, 4, 4, 6, 5, 3, 6, 3]",9,7,241.2682
268,"[4, 2, 4, 2, 4, 4, 2, 5, 6, 4]","[64, 64, 64, 64, 64, 64, 64, 64, 64, 64]","[5, 3, 4, 4, 6, 6, 4, 3, 3, 4]",10,8,228.0053
269,"[1, 3, 1, 2, 5, 6]","[32, 32, 32, 32, 32, 32]","[4, 6, 5, 3, 5, 4]",6,9,199.9995
270,"[2, 6, 4, 6, 5, 3, 4, 1]","[96, 96, 96, 96, 96, 96, 96, 96]","[4, 5, 4, 5, 3, 5, 6, 5]",8,10,228.3869
271,"[3, 6, 1, 3]","[80, 80, 80, 80]","[5, 4, 5, 4]",4,11,205.8267
272,"[2, 2, 6, 4, 1, 5, 3, 6, 2, 3]","[160, 160, 160, 160, 160, 160, 160, 160, 160, 160]","[6, 3, 3, 6, 3, 5, 4, 5, 3, 3]",10,12,242.691
273,"[6, 5, 3, 2, 2, 1, 3]","[144, 144, 144, 144, 144, 144, 144]","[5, 4, 6, 5, 4, 4, 3]",7,13,232.9753
274,"[2, 3, 4, 3, 3, 1, 2, 4, 6, 3]","[32, 32, 32, 32, 32, 32, 32, 32, 32, 32]","[4, 3, 6, 6, 6, 5, 5, 6, 4, 5]",10,14,214.6411
275,"[6, 1, 4, 5, 2, 1, 1]","[176, 176, 176, 176, 176, 176, 176]","[6, 4, 5, 3, 6, 5, 3]",7,15,235.5494
276,"[4, 6, 4, 5]","[192, 192, 192, 192]","[5, 4, 4, 4]",4,16,220.2417
277,"[1, 1, 5, 5, 2, 3, 3, 4, 5]","[48, 48, 48, 48, 48, 48, 48, 48, 48]","[4, 6, 4, 4, 5, 4, 3, 5, 4]",9,17,217.3165
278,"[3, 5, 2, 1, 6, 6, 5, 1]","[96, 96, 96, 96, 96, 96, 96, 96]","[6, 6, 5, 5, 3, 4, 3, 6]",8,18,228.7163
279,"[6, 3, 2, 5, 3, 3, 6, 6]","[96, 96, 96, 96, 96, 96, 96, 96]","[3, 6, 4, 3, 3, 6, 5, 5]",8,19,230.0725
280,"[1, 3, 6, 3, 6, 2, 3]","[128, 128, 128, 128, 128, 128, 128]","[5, 5, 6, 4, 3, 6, 5]",7,0,227.5819
281,"[5, 1, 5, 1, 3, 1, 4, 2, 1, 2]","[32, 32, 32, 32, 32, 32, 32, 32, 32, 32]","[3, 5, 4, 5, 4, 3, 4, 6, 5, 5]",10,1,215.5001
282,"[4, 3, 6, 4]","[64, 64, 64, 64]","[4, 4, 6, 3]",4,2,203.1014
283,"[1, 2, 5, 6, 1, 1, 3, 1, 6, 2]","[240, 240, 240, 240, 240, 240, 240, 240, 240, 240]","[4, 6, 5, 5, 5, 5, 6, 3, 4, 4]",10,3,248.1888
284,"[2, 1, 2, 1, 1]","[32, 32, 32, 32, 32]","[3, 6, 6, 6, 6]",5,4,195.6229
285,"[5, 6, 5, 6, 3, 6, 5, 2, 2]","[240, 240, 240, 240, 240, 240, 240, 240, 240]","[5, 5, 6, 3, 6, 4, 6, 5, 5]",9,5,249.3227
286,"[3, 5, 6, 3]","[176, 176, 176, 176]","[5, 6, 6, 3]",4,6,218.2329
287,"[3, 3, 6, 1, 6, 4, 3, 6, 1, 1]","[144, 144, 144, 144, 144, 144, 144, 144, 144, 144]","[5, 3, 4, 3, 3, 3, 5, 6, 3, 3]",10,7,241.7783
288,"[2, 3, 5, 3, 3, 2, 6, 4, 5]","[64, 64, 64, 64, 64, 64, 64, 64, 64]","[6, 6, 5, 5, 3, 5, 3, 5, 3]",9,8,224.0199
289,"[4, 3, 3, 3, 5, 6, 6]","[48, 48, 48, 48, 48, 48, 48]","[4, 4, 6, 6, 5, 6, 3]",7,9,214.1043
290,"[2, 5, 1, 3, 3, 3, 3, 1, 4]","[48, 48, 48, 48, 48, 48, 48, 48, 48]","[5, 4, 5, 6, 3, 5, 5, 5, 5]",9,10,218.9073
291,"[3, 1, 4, 5, 2, 3, 5, 3, 6, 3]","[144, 144, 144, 144, 144, 144, 144, 144, 144, 144]","[6, 3, 6, 4, 4, 5, 4, 3, 3, 6]",10,11,241.3615
292,"[4, 6, 5, 1, 3, 1, 6, 1, 4, 3]","[32, 32, 32, 32, 32, 32, 32, 32, 32, 32]","[4, 4, 6, 3, 6, 3, 5, 3, 4, 3]",10,12,216.351
293,"[4, 5, 6, 5, 3, 1]","[32, 32, 32, 32, 32, 32]","[5, 6, 5, 5, 5, 4]",6,13,203.3575
294,"[5, 2, 4, 5, 6, 1, 6, 4, 3]","[160, 160, 160, 160, 160, 160, 160, 160, 160]","[3, 4, 3, 4, 3, 5, 4, 4, 6]",9,14,241.6192
295,"[4, 2, 4, 3, 2, 1, 3]","[192, 192, 192, 192, 192, 192, 192]","[5, 5, 5, 4, 6, 3, 3]",7,15,236.5841
296,"[2, 5, 3, 5]","[176, 176, 176, 176]","[4, 3, 3, 4]",4,16,217.3376
297,"[1, 2, 2, 5, 2]","[112, 112, 112, 112, 112]","[6, 6, 3, 5, 5]",5,17,214.991
298,"[5, 1, 2, 5, 1, 3, 3, 3, 1, 5]","[176, 176, 176, 176, 176, 176, 176, 176, 176, 176]","[5, 5, 3, 6, 4, 5, 5, 4, 4, 4]",10,18,245.4433
299,"[5, 1, 3, 5, 5]","[96, 96, 96, 96, 96]","[3, 4, 5, 5, 6]",5,19,215.7201
300,"[2, 4, 4, 3, 1, 3, 2]","[96, 96, 96, 96, 96, 96, 96]","[5, 4, 5, 6, 3, 5, 5]",7,0,224.093
301,"[6, 3, 2, 4, 2, 2, 2, 5, 4, 5]","[128, 128, 128, 128, 128, 128, 128, 128, 128, 128]","[6, 4, 3, 5, 4, 3, 6, 6, 3, 3]",10,1,240.9904
302,"[5, 6, 2, 4, 1, 6]","[128, 128, 128, 128, 128, 128]","[4, 6, 6, 6, 6, 6]",6,2,226.4185
303,"[3, 2, 2, 3]","[80, 80, 80, 80]","[3, 6, 4, 6]",4,3,205.2809
304,"[2, 3, 1, 4, 3, 4, 3, 5, 2]","[176, 176, 176, 176, 176, 176, 176, 176, 176]","[5, 3, 6, 4, 5, 4, 5, 3, 5]",9,4,241.2141
305,"[6, 2, 1, 2, 5, 4, 2]","[176, 176, 176, 176, 176, 176, 176]","[5, 4, 4, 6, 6, 5, 6]",7,5,235.7539
306,"[2, 1, 6, 5, 4, 6, 4, 3, 3]","[144, 144, 144, 144, 144, 144, 144, 144, 144]","[4, 5, 6, 5, 6, 4, 6, 4, 4]",9,6,237.7238
307,"[4, 1, 6, 6, 4, 2, 5, 3, 6, 4]","[80, 80, 80, 80, 80, 80, 80, 80, 80, 80]","[3, 5, 5, 4, 4, 4, 5, 4, 4, 5]",10,7,231.8685
308,"[5, 5, 2, 1, 1, 2, 3, 5, 3, 3]","[160, 160, 160, 160, 160, 160, 160, 160, 160, 160]","[4, 3, 5, 5, 3, 6, 5, 5, 5, 3]",10,8,244.4956
309,"[1, 1, 3, 6, 4, 5, 4, 3]","[32, 32, 32, 32, 32, 32, 32, 32]","[4, 3, 6, 6, 3, 5, 5, 4]",8,9,207.242
310,"[2, 4, 3, 1]","[48, 48, 48, 48]","[5, 5, 6, 3]",4,10,196.8409
311,"[5, 2, 2, 3, 6, 5, 4, 2]","[80, 80, 80, 80, 80, 80, 80, 80]","[3, 3, 3, 5, 4, 6, 3, 6]",8,11,226.2259
312,"[1, 1, 6, 2, 3, 2]","[32, 32, 32, 32, 32, 32]","[4, 4, 6, 6, 4, 4]",6,12,199.7812
313,"[3, 4, 6, 2, 5, 1, 5, 3]","[128, 128, 128, 128, 128, 128, 128, 128]","[5, 5, 4, 6, 4, 3, 3, 5]",8,13,233.6555
314,"[1, 1, 1, 3, 3, 1, 5, 3, 1]","[64, 64, 64, 64, 64, 64, 64, 64, 64]","[4, 5, 3, 3, 6, 6, 4, 5, 4]",9,14,221.4975
315,"[2, 1, 6, 5, 1]","[80, 80, 80, 80, 80]","[6, 6, 4, 6, 4]",5,15,210.8854
316,"[1, 3, 2, 6, 3, 1, 4, 4]","[176, 176, 176, 176, 176, 176, 176, 176]","[4, 6, 5, 6, 4, 6, 4, 4]",8,16,236.5659
317,"[3, 4, 3, 4, 2, 2, 6]","[144, 144, 144, 144, 144, 144, 144]","[6, 3, 4, 5, 5, 3, 5]",7,17,231.7651
318,"[2, 4, 2, 3, 5, 3, 1, 3, 1, 4]","[48, 48, 48, 48, 48, 48, 48, 48, 48, 48]","[3, 3, 3, 3, 6, 5, 6, 5, 3, 6]",10,18,221.8379
319,"[3, 6, 1, 3, 1, 1, 3]","[48, 48, 48, 48, 48, 48, 48]","[3, 3, 3, 3, 4, 6, 5]",7,19,213.19
320,"[2, 1, 2, 5]","[128, 128, 128, 128]","[4, 4, 6, 5]",4,0,211.4341
321,"[1, 5, 5, 4, 1]","[80, 80, 80, 80, 80]","[4, 4, 6, 6, 3]",5,1,210.4193
322,"[1, 2, 4, 6, 4]","[64, 64, 64, 64, 64]","[6, 5, 4, 3, 6]",5,2,206.3284
323,"[4, 6, 5, 2, 1, 3, 4, 5, 4]","[80, 80, 80, 80, 80, 80, 80, 80, 80]","[6, 6, 5, 4, 3, 5, 4, 5, 5]",9,3,229.6195
324,"[5, 4, 3, 3, 4, 3, 6, 3, 2, 1]","[144, 144, 144, 144, 144, 144, 144, 144, 144, 144]","[5, 5, 4, 3, 4, 6, 4, 5, 4, 6]",10,4,242.9001
325,"[2, 3, 5, 3, 4, 1, 5, 4, 4, 6]","[176, 176, 176, 176, 176, 176, 176, 176, 176, 176]","[3, 4, 3, 5, 5, 3, 6, 6, 4, 3]",10,5,244.6342
326,"[1, 4, 4, 3, 4]","[48, 48, 48, 48, 48]","[6, 3, 5, 6, 3]",5,6,202.2543
327,"[2, 5, 5, 2]","[160, 160, 160, 160]","[4, 5, 6, 4]",4,7,215.8689
328,"[4, 2, 6, 1, 3, 2]","[96, 96, 96, 96, 96, 96]","[4, 4, 4, 3, 3, 6]",6,8,220.7748
329,"[6, 5, 1, 4, 4, 5]","[48, 48, 48, 48, 48, 48]","[4, 3, 4, 3, 6, 5]",6,9,210.7191
330,"[3, 1, 6, 4, 6, 5, 2, 3, 4, 1]","[96, 96, 96, 96, 96, 96, 96, 96, 96, 96]","[6, 6, 6, 4, 4, 3, 3, 4, 6, 5]",10,10,234.412
331,"[6, 5, 1, 3, 6]","[32, 32, 32, 32, 32]","[5, 3, 4, 3, 6]",5,11,199.0078
332,"[3, 3, 4, 2, 1, 6, 5]","[80, 80, 80, 80, 80, 80, 80]","[4, 4, 6, 4, 5, 3, 3]",7,12,221.7912
333,"[5, 6, 3, 3]","[112, 112, 112, 112]","[6, 5, 5, 5]",4,13,212.1892
334,"[1, 6, 4, 5, 1]","[80, 80, 80, 80, 80]","[3, 4, 4, 5, 6]",5,14,210.4688
335,"[3, 6, 3, 6, 3, 3, 5, 6]","[240, 240, 240, 240, 240, 240, 240, 240]","[3, 3, 6, 3, 6, 6, 3, 3]",8,15,244.7019
336,"[6, 2, 4, 6, 2, 4, 5]","[192, 192, 192, 192, 192, 192, 192]","[3, 5, 6, 5, 5, 4, 3]",7,16,237.7218
337,"[4, 5, 3, 5, 2, 5, 6, 6]","[160, 160, 160, 160, 160, 160, 160, 160]","[3, 4, 6, 6, 4, 3, 4, 5]",8,17,238.2801
338,"[3, 1, 5, 3, 6]","[176, 176, 176, 176, 176]","[5, 6, 4, 3, 4]",5,18,224.3444
339,"[2, 4, 3, 1, 1, 4]","[80, 80, 80, 80, 80, 80]","[6, 3, 4, 3, 5, 6]",6,19,216.4657
340,"[3, 4, 5, 3, 5, 2, 6, 1, 3, 2]","[80, 80, 80, 80, 80, 80, 80, 80, 80, 80]","[3, 6, 6, 5, 5, 4, 4, 3, 6, 4]",10,0,231.7597
341,"[2, 2, 4, 2, 1, 1]","[176, 176, 176, 176, 176, 176]","[4, 6, 6, 6, 3, 4]",6,1,229.0128
342,"[6, 3, 6, 1, 5, 2]","[192, 192, 192, 192, 192, 192]","[5, 6, 6, 3, 5, 3]",6,2,233.132
343,"[3, 2, 5, 5, 1, 1, 3]","[192, 192, 192, 192, 192, 192, 192]","[6, 4, 5, 5, 3, 3, 3]",7,3,236.1031
344,"[4, 2, 4, 2, 4, 5, 6, 6]","[192, 192, 192, 192, 192, 192, 192, 192]","[6, 6, 4, 4, 3, 6, 3, 6]",8,4,240.8632
345,"[3, 6, 2, 1, 5, 5, 3, 4, 5]","[176, 176, 176, 176, 176, 176, 176, 176, 176]","[4, 6, 6, 3, 4, 5, 5, 5, 6]",9,5,242.5148
346,"[6, 4, 1, 4]","[176, 176, 176, 176]","[5, 6, 5, 6]",4,6,219.0584
347,"[6, 3, 2, 4]","[240, 240, 240, 240]","[6, 5, 6, 4]",4,7,223.8497
348,"[3, 1, 3, 6, 5, 2, 5]","[96, 96, 96, 96, 96, 96, 96]","[4, 5, 3, 4, 3, 6, 6]",7,8,224.3951
349,"[1, 6, 4, 3, 3]","[128, 128, 128, 128, 128]","[6, 3, 3, 3, 4]",5,9,217.9672
350,"[6, 1, 1, 4, 4, 5, 2, 1, 3, 1]","[80, 80, 80, 80, 80, 80, 80, 80, 80, 80]","[4, 6, 3, 3, 3, 5, 4, 6, 4, 4]",10,10,231.9326
351,"[2, 5, 6, 1, 1, 4, 4, 3, 2]","[96, 96, 96, 96, 96, 96, 96, 96, 96]","[3, 3, 3, 3, 4, 6, 5, 3, 6]",9,11,231.2316
352,"[1, 5, 2, 1, 3, 6, 3, 6, 5, 6]","[128, 128, 128, 128, 128, 128, 128, 128, 128, 128]","[4, 4, 5, 4, 4, 4, 5, 3, 3, 5]",10,12,237.7373
353,"[5, 3, 5, 2, 1, 3, 4]","[80, 80, 80, 80, 80, 80, 80]","[3, 4, 3, 6, 3, 5, 5]",7,13,222.7333
354,"[1, 1, 1, 1, 2, 3, 1, 6, 6, 6]","[176, 176, 176, 176, 176, 176, 176, 176, 176, 176]","[3, 5, 5, 6, 3, 3, 6, 4, 5, 5]",10,14,241.9134
355,"[6, 6, 6, 1, 2, 5, 1, 3]","[96, 96, 96, 96, 96, 96, 96, 96]","[5, 5, 5, 3, 3, 6, 5, 5]",8,15,230.2465
356,"[1, 2, 4, 3, 2, 2, 1, 4, 3, 5]","[144, 144, 144, 144, 144, 144, 144, 144, 144, 144]","[3, 4, 4, 4, 3, 5, 6, 3, 5, 4]",10,16,239.3001
357,"[5, 2, 4, 5, 1, 4, 2, 3]","[112, 112, 112, 112, 112, 112, 112, 112]","[5, 5, 3, 6, 3, 5, 6, 6]",8,17,231.929
358,"[2, 3, 4, 4, 6]","[80, 80, 80, 80, 80]","[5, 4, 4, 3, 6]",5,18,211.6962
359,"[2, 1, 3, 4, 6]","[64, 64, 64, 64, 64]","[3, 3, 3, 5, 4]",5,19,207.3823
360,"[4, 4, 3, 3, 3, 3]","[128, 128, 128, 128, 128, 128]","[6, 4, 6, 4, 6, 4]",6,0,225.8634
361,"[6, 3, 3, 1, 1, 6, 2, 6]","[240, 240, 240, 240, 240, 240, 240, 240]","[5, 5, 4, 3, 5, 5, 3, 3]",8,1,245.2216
362,"[6, 5, 6, 5, 2, 1, 4]","[112, 112, 112, 112, 112, 112, 112]","[6, 3, 4, 3, 4, 4, 4]",7,2,229.1536
363,"[1, 3, 6, 3, 6, 1]","[240, 240, 240, 240, 240, 240]","[5, 3, 5, 4, 6, 3]",6,3,233.3312
364,"[4, 5, 6, 2, 6, 4, 4, 5, 6]","[160, 160, 160, 160, 160, 160, 160, 160, 160]","[5, 3, 5, 3, 3, 6, 6, 3, 4]",9,4,241.8239
365,"[6, 1, 4, 1]","[176, 176, 176, 176]","[6, 4, 6, 5]",4,5,218.3869
366,"[1, 5, 1, 5, 2, 2, 5]","[160, 160, 160, 160, 160, 160, 160]","[4, 6, 4, 6, 4, 3, 3]",7,6,231.1319
367,"[4, 4, 3, 6, 4, 3, 5]","[128, 128, 128, 128, 128, 128, 128]","[3, 4, 3, 6, 6, 6, 5]",7,7,230.5396
368,"[1, 1, 6, 6, 3]","[176, 176, 176, 176, 176]","[6, 6, 4, 3, 4]",5,8,222.2095
369,"[3, 2, 6, 2, 3, 5, 5, 6, 2, 4]","[48, 48, 48, 48, 48, 48, 48, 48, 48, 48]","[3, 5, 6, 4, 3, 5, 6, 4, 6, 6]",10,9,222.6022
370,"[4, 3, 3, 4, 3, 4]","[48, 48, 48, 48, 48, 48]","[5, 3, 4, 6, 5, 4]",6,10,209.7217
371,"[1, 4, 4, 2, 5, 4]","[192, 192, 192, 192, 192, 192]","[4, 6, 5, 3, 3, 4]",6,11,229.8184
372,"[1, 2, 3, 1, 2, 2]","[192, 192, 192, 192, 192, 192]","[4, 6, 5, 5, 4, 4]",6,12,229.0245
373,"[4, 1, 2, 4, 6, 5, 1, 1]","[64, 64, 64, 64, 64, 64, 64, 64]","[5, 6, 5, 4, 4, 5, 5, 4]",8,13,221.326
374,"[3, 4, 6, 3, 3, 4, 4, 4, 2, 5]","[192, 192, 192, 192, 192, 192, 192, 192, 192, 192]","[6, 4, 5, 6, 6, 6, 3, 5, 6, 5]",10,14,247.2364
375,"[3, 4, 3, 6]","[192, 192, 192, 192]","[6, 3, 3, 5]",4,15,219.4037
376,"[5, 4, 3, 6, 6, 4]","[160, 160, 160, 160, 160, 160]","[3, 5, 6, 6, 3, 6]",6,16,230.1829
377,"[6, 1, 3, 1, 5, 4]","[192, 192, 192, 192, 192, 192]","[6, 4, 3, 5, 4, 4]",6,17,232.3984
378,"[5, 4, 1, 5]","[32, 32, 32, 32]","[3, 5, 5, 5]",4,18,192.4122
379,"[6, 6, 2, 5, 5, 1, 5]","[80, 80, 80, 80, 80, 80, 80]","[6, 5, 6, 5, 4, 5, 4]",7,19,223.5373
380,"[4, 6, 2, 2, 3]","[128, 128, 128, 128, 128]","[5, 4, 5, 4, 3]",5,0,220.4904
381,"[2, 5, 5, 2, 4]","[240, 240, 240, 240, 240]","[4, 6, 5, 3, 3]",5,1,229.2838
382,"[2, 1, 1, 3, 1, 4]","[192, 192, 192, 192, 192, 192]","[5, 5, 6, 6, 5, 4]",6,2,229.857
383,"[3, 5, 5, 1, 6, 3, 4, 3]","[48, 48, 48, 48, 48, 48, 48, 48]","[3, 4, 6, 6, 5, 5, 4, 4]",8,3,217.2182
384,"[1, 3, 1, 6, 6]","[240, 240, 240, 240, 240]","[4, 5, 6, 5, 3]",5,4,227.407
385,"[5, 6, 5, 6, 4, 1, 2, 5, 4]","[192, 192, 192, 192, 192, 192, 192, 192, 192]","[3, 6, 6, 4, 3, 3, 5, 6, 5]",9,5,245.3852
386,"[4, 4, 2, 6, 6]","[112, 112, 112, 112, 112]","[5, 6, 5, 3, 3]",5,6,218.3784
387,"[3, 4, 2, 5, 3, 1, 1, 4, 2, 4]","[112, 112, 112, 112, 112, 112, 112, 112, 112, 112]","[5, 4, 4, 3, 4, 4, 6, 3, 3, 5]",10,7,237.3455
388,"[3, 2, 1, 4, 6, 4, 6]","[192, 192, 192, 192, 192, 192, 192]","[3, 6, 5, 3, 5, 6, 3]",7,8,236.0658
389,"[6, 5, 6, 3, 1, 5, 3, 1, 5, 2]","[176, 176, 176, 176, 176, 176, 176, 176, 176, 176]","[5, 4, 5, 6, 4, 6, 5, 3, 5, 5]",10,9,246.9832
390,"[2, 4, 4, 5, 6, 5, 3]","[80, 80, 80, 80, 80, 80, 80]","[6, 6, 6, 4, 4, 6, 3]",7,10,221.3899
391,"[4, 1, 2, 1]","[128, 128, 128, 128]","[4, 4, 3, 3]",4,11,212.5427
392,"[5, 1, 2, 4, 2]","[32, 32, 32, 32, 32]","[3, 6, 5, 4, 6]",5,12,197.8028
393,"[1, 2, 5, 1]","[64, 64, 64, 64]","[3, 3, 3, 3]",4,13,199.7529
394,"[4, 5, 5, 2, 3, 6]","[64, 64, 64, 64, 64, 64]","[5, 4, 5, 5, 4, 6]",6,14,214.7277
395,"[6, 2, 2, 2, 6, 5]","[96, 96, 96, 96, 96, 96]","[6, 6, 6, 3, 4, 3]",6,15,221.5908
396,"[1, 4, 1, 2]","[32, 32, 32, 32]","[4, 5, 3, 4]",4,16,189.1468
397,"[4, 4, 4, 6, 4, 2, 3, 6]","[176, 176, 176, 176, 176, 176, 176, 176]","[3, 5, 6, 6, 5, 3, 3, 3]",8,17,239.7919
398,"[4, 4, 2, 6, 4, 5, 1, 3]","[240, 240, 240, 240, 240, 240, 240, 240]","[4, 3, 4, 5, 5, 3, 6, 5]",8,18,244.8324
399,"[2, 2, 3, 1, 5]","[176, 176, 176, 176, 176]","[3, 3, 3, 4, 5]",5,19,223.5694
400,"[1, 5, 4, 3, 6, 2, 2, 4, 4]","[240, 240, 240, 240, 240, 240, 240, 240, 240]","[6, 4, 3, 4, 3, 5, 4, 3, 5]",9,0,245.8064
401,"[4, 3, 2, 2, 1, 6, 2, 6, 2, 3]","[176, 176, 176, 176, 176, 176, 176, 176, 176, 176]","[5, 3, 3, 4, 6, 5, 4, 3, 3, 4]",10,1,245.5746
402,"[2, 2, 2, 4, 2, 4, 5, 4]","[240, 240, 240, 240, 240, 240, 240, 240]","[3, 5, 6, 4, 3, 6, 4, 4]",8,2,243.0191
403,"[3, 6, 5, 5, 2, 6, 2]","[160, 160, 160, 160, 160, 160, 160]","[5, 4, 6, 3, 6, 6, 3]",7,3,233.9413
404,"[2, 3, 2, 1, 3, 4]","[144, 144, 144, 144, 144, 144]","[3, 6, 5, 4, 4, 3]",6,4,225.9754
405,"[6, 6, 2, 4]","[240, 240, 240, 240]","[5, 5, 5, 3]",4,5,224.2535
406,"[3, 3, 6, 1, 1, 5, 1, 4]","[48, 48, 48, 48, 48, 48, 48, 48]","[3, 4, 3, 3, 5, 5, 3, 3]",8,6,216.6917
407,"[5, 5, 1, 6, 3]","[96, 96, 96, 96, 96]","[5, 6, 3, 6, 6]",5,7,216.313
408,"[5, 1, 2, 3, 3, 3, 2, 4, 2, 4]","[32, 32, 32, 32, 32, 32, 32, 32, 32, 32]","[3, 3, 5, 4, 5, 4, 3, 6, 5, 4]",10,8,215.6203
409,"[5, 2, 6, 4]","[192, 192, 192, 192]","[4, 4, 5, 5]",4,9,220.1306
410,"[5, 6, 1, 5, 4, 2, 3]","[112, 112, 112, 112, 112, 112, 112]","[5, 3, 5, 5, 5, 4, 5]",7,10,228.5748
411,"[3, 3, 4, 4, 1, 6, 1, 4]","[80, 80, 80, 80, 80, 80, 80, 80]","[4, 4, 4, 5, 5, 6, 6, 6]",8,11,225.4875
412,"[5, 4, 3, 1, 6, 2, 5, 4, 3, 5]","[96, 96, 96, 96, 96, 96, 96, 96, 96, 96]","[3, 3, 3, 3, 4, 6, 5, 3, 3, 6]",10,12,235.8923
413,"[4, 4, 1, 3, 5, 6, 5, 4, 3]","[96, 96, 96, 96, 96, 96, 96, 96, 96]","[6, 4, 4, 3, 6, 4, 4, 4, 3]",9,13,232.5118
414,"[4, 3, 4, 3]","[128, 128, 128, 128]","[4, 6, 6, 4]",4,14,213.54
415,"[2, 1, 3, 4, 6]","[240, 240, 240, 240, 240]","[6, 3, 5, 5, 4]",5,15,228.3822
416,"[3, 1, 2, 5, 3, 3, 2, 1, 4]","[112, 112, 112, 112, 112, 112, 112, 112, 112]","[3, 6, 5, 4, 5, 3, 3, 4, 4]",9,16,233.6681
417,"[2, 3, 3, 2, 3, 2, 6, 5]","[32, 32, 32, 32, 32, 32, 32, 32]","[3, 6, 5, 5, 6, 5, 3, 3]",8,17,208.8873
418,"[2, 2, 5, 1, 5, 6, 2, 5]","[192, 192, 192, 192, 192, 192, 192, 192]","[5, 4, 4, 6, 3, 6, 5, 4]",8,18,239.3361
419,"[6, 3, 1, 2, 2, 2, 2, 3, 5]","[144, 144, 144, 144, 144, 144, 144, 144, 144]","[6, 5, 6, 5, 4, 5, 4, 4, 6]",9,19,239.6884
420,"[2, 5, 2, 4, 4, 3, 2, 3, 6, 3]","[192, 192, 192, 192, 192, 192, 192, 192, 192, 192]","[6, 4, 6, 6, 6, 6, 4, 3, 5, 3]",10,0,246.2867
421,"[5, 1, 4, 5, 5, 2, 1]","[32, 32, 32, 32, 32, 32, 32]","[3, 5, 4, 3, 3, 5, 5]",7,1,206.8346
422,"[3, 4, 1, 4, 4, 6, 3, 2, 6]","[144, 144, 144, 144, 144, 144, 144, 144, 144]","[4, 4, 6, 6, 5, 6, 4, 3, 5]",9,2,238.8606
423,"[1, 2, 3, 5, 2, 6, 5, 3]","[64, 64, 64, 64, 64, 64, 64, 64]","[6, 5, 3, 5, 6, 3, 3, 4]",8,3,219.2
424,"[3, 3, 2, 2, 2, 3, 3, 6, 5]","[144, 144, 144, 144, 144, 144, 144, 144, 144]","[4, 4, 3, 4, 6, 5, 4, 6, 6]",9,4,238.668
425,"[4, 5, 4, 6, 3]","[112, 112, 112, 112, 112]","[4, 3, 6, 6, 5]",5,5,218.6705
426,"[1, 2, 6, 2]","[64, 64, 64, 64]","[6, 4, 3, 6]",4,6,199.8441
427,"[6, 4, 2, 1, 2, 2, 2, 5]","[48, 48, 48, 48, 48, 48, 48, 48]","[3, 5, 5, 6, 5, 5, 5, 5]",8,7,217.8814
428,"[6, 4, 1, 6, 4, 5]","[64, 64, 64, 64, 64, 64]","[5, 5, 6, 3, 3, 3]",6,8,215.1032
429,"[5, 3, 2, 1, 1, 5, 1, 6]","[96, 96, 96, 96, 96, 96, 96, 96]","[5, 6, 6, 5, 5, 6, 3, 4]",8,9,229.1632
430,"[3, 4, 3, 1, 1, 1, 1, 3, 5]","[176, 176, 176, 176, 176, 176, 176, 176, 176]","[4, 3, 5, 5, 4, 5, 4, 4, 4]",9,10,241.905
431,"[4, 6, 2, 1, 3, 6, 6]","[192, 192, 192, 192, 192, 192, 192]","[6, 5, 5, 5, 6, 5, 4]",7,11,237.16
432,"[1, 6, 4, 2, 3, 1, 2, 2, 5, 2]","[192, 192, 192, 192, 192, 192, 192, 192, 192, 192]","[6, 5, 3, 6, 6, 4, 6, 3, 4, 6]",10,12,244.8402
433,"[5, 3, 5, 2, 1, 1, 3]","[192, 192, 192, 192, 192, 192, 192]","[6, 4, 4, 4, 6, 4, 4]",7,13,237.2058
434,"[6, 2, 1, 5]","[192, 192, 192, 192]","[3, 4, 3, 3]",4,14,220.0609
435,"[2, 2, 2, 2]","[112, 112, 112, 112]","[5, 6, 6, 3]",4,15,209.5422
436,"[1, 3, 6, 4, 1, 5, 3, 1]","[112, 112, 112, 112, 112, 112, 112, 112]","[3, 3, 5, 5, 3, 4, 3, 5]",8,16,229.0331
437,"[2, 4, 6, 4, 2, 6]","[176, 176, 176, 176, 176, 176]","[4, 3, 3, 6, 4, 6]",6,17,229.9194
438,"[4, 5, 6, 5, 2, 1, 6, 1]","[64, 64, 64, 64, 64, 64, 64, 64]","[3, 6, 4, 4, 5, 3, 3, 5]",8,18,222.5583
439,"[3, 4, 1, 6, 4, 6]","[240, 240, 240, 240, 240, 240]","[3, 5, 5, 6, 5, 6]",6,19,235.474
440,"[1, 1, 4, 6, 2, 1]","[240, 240, 240, 240, 240, 240]","[3, 4, 5, 4, 3, 4]",6,0,232.5613
441,"[5, 3, 4, 3, 4]","[240, 240, 240, 240, 240]","[6, 6, 4, 4, 3]",5,1,230.8283
442,"[3, 6, 2, 3, 2]","[64, 64, 64, 64, 64]","[3, 6, 6, 5, 4]",5,2,208.8508
443,"[1, 2, 1, 3, 1, 2]","[128, 128, 128, 128, 128, 128]","[3, 3, 3, 3, 3, 4]",6,3,222.1802
444,"[5, 3, 1, 4, 1, 2, 5, 6, 5, 5]","[48, 48, 48, 48, 48, 48, 48, 48, 48, 48]","[3, 4, 4, 3, 6, 5, 5, 4, 6, 5]",10,4,223.4125
445,"[1, 5, 2, 4, 2]","[96, 96, 96, 96, 96]","[3, 3, 5, 4, 3]",5,5,213.1804
446,"[4, 4, 2, 3, 6, 5]","[48, 48, 48, 48, 48, 48]","[6, 6, 5, 6, 4, 6]",6,6,209.9559
447,"[4, 2, 1, 6, 3, 6, 6]","[240, 240, 240, 240, 240, 240, 240]","[4, 3, 3, 3, 6, 5, 4]",7,7,240.3657
448,"[3, 4, 1, 1, 6]","[176, 176, 176, 176, 176]","[6, 6, 5, 5, 6]",5,8,224.5148
449,"[4, 5, 2, 6, 2, 1]","[128, 128, 128, 128, 128, 128]","[3, 4, 3, 5, 5, 6]",6,9,225.8324
450,"[2, 4, 1, 3, 6, 5, 4, 6, 6, 4]","[96, 96, 96, 96, 96, 96, 96, 96, 96, 96]","[6, 5, 3, 4, 5, 4, 6, 5, 4, 3]",10,10,234.0763
451,"[3, 4, 5, 1, 4, 2, 5]","[240, 240, 240, 240, 240, 240, 240]","[5, 4, 3, 5, 3, 6, 5]",7,11,240.2245
452,"[3, 6, 5, 6, 4, 2, 3]","[192, 192, 192, 192, 192, 192, 192]","[3, 3, 3, 6, 3, 6, 5]",7,12,237.0304
453,"[3, 3, 6, 3, 3]","[112, 112, 112, 112, 112]","[4, 5, 5, 3, 5]",5,13,217.781
454,"[6, 6, 3, 6, 3, 2, 4, 5, 4, 2]","[80, 80, 80, 80, 80, 80, 80, 80, 80, 80]","[3, 4, 5, 6, 4, 5, 4, 5, 3, 3]",10,14,233.4458
455,"[3, 6, 6, 1, 6, 4]","[112, 112, 112, 112, 112, 112]","[3, 5, 4, 6, 4, 4]",6,15,223.4524
456,"[1, 3, 4, 4]","[48, 48, 48, 48]","[5, 6, 5, 4]",4,16,195.6683
457,"[1, 2, 4, 3, 1, 5, 5, 6, 3, 5]","[80, 80, 80, 80, 80, 80, 80, 80, 80, 80]","[4, 6, 6, 4, 5, 5, 5, 5, 4, 5]",10,17,229.2012
458,"[3, 4, 4, 3]","[64, 64, 64, 64]","[6, 3, 3, 4]",4,18,202.4031
459,"[2, 5, 3, 3, 1, 2, 1]","[176, 176, 176, 176, 176, 176, 176]","[5, 6, 5, 5, 5, 4, 3]",7,19,234.1016
460,"[2, 1, 4, 4, 1, 4]","[96, 96, 96, 96, 96, 96]","[6, 3, 3, 6, 6, 4]",6,0,219.0452
461,"[5, 4, 4, 1, 6]","[144, 144, 144, 144, 144]","[5, 6, 5, 6, 6]",5,1,222.7064
462,"[5, 3, 1, 1, 1, 1]","[160, 160, 160, 160, 160, 160]","[4, 6, 6, 3, 6, 3]",6,2,229.0108
463,"[2, 6, 4, 5, 6]","[144, 144, 144, 144, 144]","[5, 4, 5, 4, 4]",5,3,221.3877
464,"[2, 1, 3, 2, 4, 1, 6]","[64, 64, 64, 64, 64, 64, 64]","[4, 5, 3, 3, 5, 5, 5]",7,4,216.4601
465,"[6, 2, 4, 4, 6, 5, 1, 3]","[144, 144, 144, 144, 144, 144, 144, 144]","[6, 3, 5, 5, 6, 5, 5, 3]",8,5,236.7526
466,"[2, 3, 4, 1, 2, 1, 1, 1, 3]","[240, 240, 240, 240, 240, 240, 240, 240, 240]","[6, 4, 5, 3, 3, 3, 5, 6, 5]",9,6,246.317
467,"[4, 3, 3, 3, 4]","[240, 240, 240, 240, 240]","[6, 5, 6, 6, 4]",5,7,230.3041
468,"[2, 6, 4, 3, 2, 1, 5, 2, 2]","[176, 176, 176, 176, 176, 176, 176, 176, 176]","[5, 5, 5, 3, 5, 3, 3, 4, 3]",9,8,241.7282
469,"[3, 5, 1, 3, 5, 6, 4, 4, 1]","[80, 80, 80, 80, 80, 80, 80, 80, 80]","[4, 5, 4, 4, 5, 4, 3, 3, 3]",9,9,228.8344
470,"[6, 6, 1, 4]","[240, 240, 240, 240]","[3, 5, 4, 5]",4,10,224.0675
471,"[4, 2, 2, 6, 5, 6, 5, 5, 2]","[64, 64, 64, 64, 64, 64, 64, 64, 64]","[6, 6, 4, 3, 6, 6, 4, 6, 3]",9,11,225.1921
472,"[2, 3, 5, 2, 5, 4, 3, 6]","[240, 240, 240, 240, 240, 240, 240, 240]","[6, 6, 5, 4, 6, 6, 6, 4]",8,12,243.4841
473,"[1, 1, 6, 6, 5, 4, 5]","[32, 32, 32, 32, 32, 32, 32]","[3, 5, 5, 5, 6, 5, 3]",7,13,203.9136
474,"[1, 6, 3, 2, 3, 6, 2, 6, 1, 1]","[48, 48, 48, 48, 48, 48, 48, 48, 48, 48]","[4, 3, 5, 6, 5, 3, 3, 3, 4, 4]",10,14,220.7295
475,"[2, 6, 5, 6, 5, 3, 1]","[144, 144, 144, 144, 144, 144, 144]","[4, 4, 6, 3, 4, 6, 4]",7,15,231.4133
476,"[3, 2, 2, 1, 3, 4, 5, 6]","[160, 160, 160, 160, 160, 160, 160, 160]","[3, 6, 4, 6, 6, 4, 6, 3]",8,16,236.7592
477,"[1, 5, 2, 5, 5, 3, 1, 2, 1, 5]","[240, 240, 240, 240, 240, 240, 240, 240, 240, 240]","[3, 4, 4, 6, 5, 4, 3, 6, 4, 4]",10,17,248.6612
478,"[4, 5, 4, 3, 3]","[80, 80, 80, 80, 80]","[4, 5, 5, 6, 5]",5,18,213.2435
479,"[2, 6, 2, 4, 6, 6, 2, 4, 3, 2]","[240, 240, 240, 240, 240, 240, 240, 240, 240, 240]","[4, 3, 5, 5, 3, 5, 4, 6, 4, 3]",10,19,250.3415
480,"[5, 2, 3, 4, 4]","[240, 240, 240, 240, 240]","[4, 4, 4, 6, 4]",5,0,230.5655
481,"[5, 1, 4, 2]","[144, 144, 144, 144]","[3, 4, 6, 4]",4,1,215.0993
482,"[4, 5, 5, 1]","[144, 144, 144, 144]","[5, 6, 3, 5]",4,2,215.4682
483,"[1, 4, 2, 6, 2, 6, 5, 3, 4, 3]","[80, 80, 80, 80, 80, 80, 80, 80, 80, 80]","[3, 3, 4, 3, 3, 6, 5, 4, 3, 5]",10,3,229.5321
484,"[4, 5, 4, 5, 2, 2]","[80, 80, 80, 80, 80, 80]","[6, 3, 6, 6, 3, 6]",6,4,218.3473
485,"[2, 2, 3, 5]","[128, 128, 128, 128]","[4, 3, 6, 6]",4,5,211.9266
486,"[1, 1, 1, 1, 4]","[96, 96, 96, 96, 96]","[3, 3, 4, 6, 5]",5,6,211.9048
487,"[5, 6, 5, 5]","[96, 96, 96, 96]","[6, 5, 3, 5]",4,7,210.1469
488,"[3, 1, 6, 1]","[176, 176, 176, 176]","[6, 5, 3, 6]",4,8,217.1022
489,"[2, 2, 6, 2, 5, 5]","[96, 96, 96, 96, 96, 96]","[4, 5, 6, 6, 4, 4]",6,9,219.6549
490,"[2, 6, 1, 6, 2, 2, 1, 3, 4, 4]","[176, 176, 176, 176, 176, 176, 176, 176, 176, 176]","[5, 3, 4, 4, 5, 4, 3, 3, 5, 4]",10,10,244.5282
491,"[4, 3, 3, 5]","[128, 128, 128, 128]","[3, 6, 5, 5]",4,11,213.5114
492,"[4, 3, 3, 2, 5, 3]","[64, 64, 64, 64, 64, 64]","[6, 4, 3, 3, 5, 5]",6,12,214.3084
493,"[6, 5, 4, 3, 4, 2, 1, 2]","[176, 176, 176, 176, 176, 176, 176, 176]","[5, 4, 6, 5, 5, 3, 5, 3]",8,13,240.4573
494,"[6, 3, 5, 6, 3, 6]","[240, 240, 240, 240, 240, 240]","[4, 4, 5, 3, 4, 5]",6,14,237.085
495,"[6, 2, 5, 3, 3, 2, 4, 3]","[96, 96, 96, 96, 96, 96, 96, 96]","[6, 5, 5, 6, 6, 5, 4, 3]",8,15,229.8486
496,"[1, 3, 4, 2, 5, 4, 5, 1, 3, 2]","[48, 48, 48, 48, 48, 48, 48, 48, 48, 48]","[4, 3, 5, 5, 3, 5, 3, 4, 5, 6]",10,16,220.4709
497,"[2, 4, 6, 2, 3, 1, 1, 5]","[192, 192, 192, 192, 192, 192, 192, 192]","[5, 5, 5, 3, 3, 6, 4, 6]",8,17,239.5826
498,"[4, 3, 2, 4, 1, 2, 2, 4, 6]","[80, 80, 80, 80, 80, 80, 80, 80, 80]","[3, 3, 5, 3, 5, 4, 6, 3, 3]",9,18,228.9936
499,"[2, 2, 2, 5]","[240, 240, 240, 240]","[5, 3, 4, 5]",4,19,221.4567
500,"[5, 2, 3, 1, 2]","[176, 176, 176, 176, 176]","[6, 4, 3, 5, 3]",5,0,225.2971
501,"[3, 6, 2, 2, 1, 5, 6, 6, 4, 6]","[112, 112, 112, 112, 112, 112, 112, 112, 112, 112]","[5, 4, 6, 4, 5, 4, 6, 3, 4, 6]",10,1,237.6789
502,"[6, 5, 4, 3, 2, 6, 1]","[128, 128, 128, 128, 128, 128, 128]","[6, 5, 3, 3, 3, 5, 6]",7,2,231.2432
503,"[5, 6, 4, 1, 2, 6, 1, 3, 4, 3]","[128, 128, 128, 128, 128, 128, 128, 128, 128, 128]","[5, 5, 4, 5, 4, 3, 5, 3, 5, 5]",10,3,240.9177
504,"[3, 5, 2, 4]","[176, 176, 176, 176]","[5, 5, 5, 4]",4,4,218.0022
505,"[1, 2, 4, 1]","[64, 64, 64, 64]","[5, 4, 5, 6]",4,5,199.596
506,"[6, 2, 5, 5, 5, 4, 2]","[64, 64, 64, 64, 64, 64, 64]","[6, 4, 6, 6, 5, 3, 4]",7,6,219.393
507,"[6, 3, 4, 4]","[64, 64, 64, 64]","[6, 6, 3, 5]",4,7,203.5834
508,"[3, 6, 6, 2, 5]","[160, 160, 160, 160, 160]","[4, 6, 3, 5, 4]",5,8,223.823
509,"[5, 4, 3, 2, 5, 5, 5, 4, 5]","[48, 48, 48, 48, 48, 48, 48, 48, 48]","[3, 6, 6, 5, 5, 6, 5, 6, 6]",9,9,221.2549
510,"[2, 4, 4, 4, 2, 2, 6, 2, 6, 1]","[176, 176, 176, 176, 176, 176, 176, 176, 176, 176]","[5, 4, 4, 6, 4, 4, 6, 6, 4, 3]",10,10,244.6789
511,"[3, 3, 5, 1, 1, 4, 3, 4]","[128, 128, 128, 128, 128, 128, 128, 128]","[3, 5, 6, 3, 6, 6, 5, 6]",8,11,233.2347
512,"[3, 5, 1, 1, 1, 2, 2, 2]","[112, 112, 112, 112, 112, 112, 112, 112]","[5, 5, 4, 6, 4, 4, 3, 3]",8,12,230.6986
513,"[2, 3, 4, 4]","[96, 96, 96, 96]","[3, 4, 5, 3]",4,13,207.8275
514,"[4, 6, 6, 4, 6]","[112, 112, 112, 112, 112]","[6, 6, 5, 4, 4]",5,14,218.8068
515,"[5, 2, 5, 4, 6, 4]","[192, 192, 192, 192, 192, 192]","[5, 5, 6, 4, 6, 3]",6,15,232.8032
516,"[3, 4, 2, 1, 6, 5, 4, 2, 3]","[48, 48, 48, 48, 48, 48, 48, 48, 48]","[3, 3, 5, 3, 3, 4, 5, 5, 5]",9,16,219.9227
517,"[5, 3, 1, 2, 1, 1, 5, 3]","[128, 128, 128, 128, 128, 128, 128, 128]","[3, 5, 4, 5, 4, 3, 6, 5]",8,17,233.8309
518,"[4, 6, 4, 4, 6, 1, 5, 1, 4]","[160, 160, 160, 160, 160, 160, 160, 160, 160]","[5, 3, 5, 3, 6, 5, 6, 6, 3]",9,18,241.6757
519,"[1, 2, 4, 6, 4, 3, 1, 1]","[192, 192, 192, 192, 192, 192, 192, 192]","[4, 5, 4, 6, 5, 6, 5, 5]",8,19,237.9274
520,"[3, 2, 4, 1]","[80, 80, 80, 80]","[6, 6, 5, 5]",4,0,205.2794
521,"[3, 2, 5, 5]","[64, 64, 64, 64]","[3, 4, 6, 5]",4,1,202.2408
522,"[4, 5, 3, 5]","[80, 80, 80, 80]","[6, 4, 6, 5]",4,2,206.6225
523,"[5, 6, 3, 3, 6, 5, 3, 4, 5, 5]","[144, 144, 144, 144, 144, 144, 144, 144, 144, 144]","[6, 3, 6, 4, 3, 4, 6, 5, 4, 4]",10,3,243.4503
524,"[6, 6, 4, 2, 1, 2, 2, 6, 3, 3]","[192, 192, 192, 192, 192, 192, 192, 192, 192, 192]","[4, 3, 6, 4, 6, 6, 3, 5, 6, 5]",10,4,248.4371
525,"[4, 5, 4, 5, 1, 4]","[176, 176, 176, 176, 176, 176]","[6, 5, 4, 3, 6, 5]",6,5,231.2257
526,"[4, 5, 5, 4, 4, 6, 3, 6, 3, 5]","[96, 96, 96, 96, 96, 96, 96, 96, 96, 96]","[4, 5, 5, 6, 4, 4, 5, 3, 6, 4]",10,6,235.9823
527,"[2, 3, 5, 6]","[192, 192, 192, 192]","[6, 3, 4, 6]",4,7,218.5663
528,"[3, 1, 6, 5, 3]","[48, 48, 48, 48, 48]","[3, 5, 5, 3, 4]",5,8,203.7271
529,"[4, 1, 4, 6, 5, 3, 2, 2]","[96, 96, 96, 96, 96, 96, 96, 96]","[3, 5, 4, 4, 6, 4, 6, 3]",8,9,228.7216
530,"[1, 1, 4, 3, 3, 3]","[64, 64, 64, 64, 64, 64]","[3, 6, 3, 3, 4, 3]",6,10,210.9818
531,"[2, 5, 6, 4]","[192, 192, 192, 192]","[6, 5, 3, 3]",4,11,218.8262
532,"[3, 1, 6, 2, 2]","[160, 160, 160, 160, 160]","[4, 6, 3, 6, 4]",5,12,222.6547
533,"[3, 3, 5, 4, 4, 1, 5, 1, 6]","[80, 80, 80, 80, 80, 80, 80, 80, 80]","[6, 3, 5, 5, 3, 3, 5, 4, 3]",9,13,228.7488
534,"[5, 1, 3, 5, 2, 5]","[112, 112, 112, 112, 112, 112]","[4, 5, 3, 3, 3, 3]",6,14,223.4244
535,"[4, 6, 6, 4, 4, 3, 3]","[112, 112, 112, 112, 112, 112, 112]","[3, 4, 6, 3, 5, 4, 6]",7,15,228.6395
536,"[4, 4, 5, 2]","[112, 112, 112, 112]","[5, 6, 6, 4]",4,16,211.579
537,"[5, 1, 6, 5, 2, 5, 1, 2]","[144, 144, 144, 144, 144, 144, 144, 144]","[3, 4, 6, 6, 4, 5, 3, 3]",8,17,235.9815
538,"[6, 1, 1, 2, 6, 6, 6, 1, 6, 4]","[64, 64, 64, 64, 64, 64, 64, 64, 64, 64]","[4, 4, 6, 4, 3, 4, 4, 3, 4, 3]",10,18,228.2573
539,"[1, 2, 4, 6, 6, 6, 5, 6]","[144, 144, 144, 144, 144, 144, 144, 144]","[6, 3, 6, 6, 5, 3, 6, 4]",8,19,233.4627
540,"[2, 1, 2, 4, 1, 3, 4, 1, 6, 4]","[112, 112, 112, 112, 112, 112, 112, 112, 112, 112]","[4, 6, 6, 5, 4, 6, 5, 3, 6, 3]",10,0,235.7107
541,"[1, 5, 4, 3, 6, 4, 5, 4, 6]","[96, 96, 96, 96, 96, 96, 96, 96, 96]","[6, 5, 6, 4, 3, 5, 4, 4, 5]",9,1,230.2547
542,"[4, 3, 3, 2, 1, 2, 2]","[32, 32, 32, 32, 32, 32, 32]","[6, 4, 6, 6, 3, 6, 3]",7,2,206.6787
543,"[6, 5, 1, 6, 2, 5, 1, 5, 2]","[64, 64, 64, 64, 64, 64, 64, 64, 64]","[4, 6, 5, 4, 4, 5, 6, 5, 5]",9,3,226.1877
544,"[3, 2, 5, 6, 4, 2, 2, 6, 1]","[96, 96, 96, 96, 96, 96, 96, 96, 96]","[4, 5, 5, 4, 5, 4, 3, 3, 6]",9,4,231.8066
545,"[2, 1, 3, 4, 4, 4, 5, 3]","[112, 112, 112, 112, 112, 112, 112, 112]","[6, 5, 5, 5, 5, 5, 3, 3]",8,5,229.8039
546,"[1, 4, 3, 5, 4, 4, 6, 3, 5]","[96, 96, 96, 96, 96, 96, 96, 96, 96]","[4, 4, 3, 6, 4, 3, 4, 4, 5]",9,6,230.0829
547,"[5, 6, 3, 2, 3, 1, 5]","[192, 192, 192, 192, 192, 192, 192]","[4, 4, 5, 5, 4, 6, 3]",7,7,237.652
548,"[3, 2, 4, 4, 1, 4, 1]","[144, 144, 144, 144, 144, 144, 144]","[6, 3, 6, 4, 5, 3, 4]",7,8,231.2751
549,"[6, 4, 6, 4, 5, 1, 2, 2]","[192, 192, 192, 192, 192, 192, 192, 192]","[4, 6, 3, 3, 3, 3, 3, 5]",8,9,241.996
550,"[3, 1, 2, 4]","[32, 32, 32, 32]","[3, 4, 5, 5]",4,10,190.8393
551,"[4, 6, 2, 2, 3]","[32, 32, 32, 32, 32]","[3, 3, 6, 5, 6]",5,11,198.2962
552,"[5, 1, 2, 5]","[32, 32, 32, 32]","[3, 4, 6, 4]",4,12,191.9123
553,"[4, 1, 2, 1, 2]","[192, 192, 192, 192, 192]","[6, 4, 6, 3, 5]",5,13,225.7491
554,"[4, 6, 5, 4, 5, 2, 2, 1]","[32, 32, 32, 32, 32, 32, 32, 32]","[5, 6, 6, 6, 4, 5, 5, 5]",8,14,210.7997
555,"[2, 2, 4, 1, 1]","[240, 240, 240, 240, 240]","[6, 5, 3, 6, 3]",5,15,228.39
556,"[4, 6, 4, 1, 3, 5]","[48, 48, 48, 48, 48, 48]","[5, 4, 4, 5, 5, 3]",6,16,209.9694
557,"[4, 5, 1, 3, 6, 5, 3]","[96, 96, 96, 96, 96, 96, 96]","[5, 6, 6, 6, 6, 6, 6]",7,17,225.5597
558,"[1, 2, 5, 5, 5, 5, 5, 4, 6, 1]","[112, 112, 112, 112, 112, 112, 112, 112, 112, 112]","[5, 4, 6, 5, 3, 5, 3, 3, 3, 4]",10,18,235.3365
559,"[1, 2, 1, 2, 6]","[240, 240, 240, 240, 240]","[4, 5, 5, 6, 3]",5,19,226.9797
560,"[6, 2, 4, 5, 1, 3, 2]","[240, 240, 240, 240, 240, 240, 240]","[6, 5, 3, 3, 5, 4, 4]",7,0,241.2105
561,"[5, 4, 5, 4, 2, 2, 3]","[144, 144, 144, 144, 144, 144, 144]","[6, 5, 6, 5, 6, 5, 5]",7,1,232.8215
562,"[1, 6, 6, 1, 1, 3, 4, 5]","[112, 112, 112, 112, 112, 112, 112, 112]","[6, 4, 3, 6, 3, 5, 6, 4]",8,2,229.2407
563,"[3, 6, 5, 5, 1, 6, 1, 2]","[48, 48, 48, 48, 48, 48, 48, 48]","[6, 6, 6, 5, 5, 3, 3, 5]",8,3,217.2816
564,"[1, 2, 5, 6, 5, 3, 2, 2, 4, 4]","[64, 64, 64, 64, 64, 64, 64, 64, 64, 64]","[3, 5, 3, 3, 4, 3, 3, 6, 6, 6]",10,4,225.4021
565,"[4, 1, 5, 6, 2, 3]","[48, 48, 48, 48, 48, 48]","[5, 4, 4, 6, 5, 5]",6,5,209.2014
566,"[4, 5, 6, 3, 1, 6, 3, 3, 2, 5]","[176, 176, 176, 176, 176, 176, 176, 176, 176, 176]","[6, 5, 3, 3, 6, 3, 4, 3, 5, 3]",10,6,246.2439
567,"[4, 1, 3, 1, 6, 6]","[48, 48, 48, 48, 48, 48]","[6, 4, 5, 4, 4, 6]",6,7,209.0865
568,"[4, 6, 1, 5, 2, 5, 1, 4]","[32, 32, 32, 32, 32, 32, 32, 32]","[4, 4, 5, 4, 3, 5, 6, 6]",8,8,210.6442
569,"[5, 1, 4, 2, 6]","[48, 48, 48, 48, 48]","[4, 6, 6, 3, 6]",5,9,204.6814
570,"[3, 2, 5, 4, 2, 1, 1, 1, 4, 6]","[48, 48, 48, 48, 48, 48, 48, 48, 48, 48]","[4, 5, 3, 3, 5, 4, 3, 6, 3, 4]",10,10,222.2514
571,"[6, 1, 4, 3, 2]","[240, 240, 240, 240, 240]","[4, 5, 3, 6, 5]",5,11,230.4633
572,"[6, 3, 5, 5, 1, 6]","[240, 240, 240, 240, 240, 240]","[4, 4, 6, 6, 4, 3]",6,12,236.911
573,"[2, 3, 6, 6, 4]","[128, 128, 128, 128, 128]","[5, 6, 3, 3, 6]",5,13,219.1988
574,"[1, 4, 1, 1, 1, 5]","[144, 144, 144, 144, 144, 144]","[3, 5, 3, 3, 6, 4]",6,14,224.4182
575,"[1, 5, 1, 4]","[48, 48, 48, 48]","[4, 4, 4, 3]",4,15,195.7436
576,"[6, 6, 2, 6]","[240, 240, 240, 240]","[4, 6, 5, 5]",4,16,224.3241
577,"[6, 6, 6, 5, 1, 4]","[32, 32, 32, 32, 32, 32]","[6, 6, 6, 6, 5, 4]",6,17,204.2809
578,"[2, 4, 4, 2, 6]","[80, 80, 80, 80, 80]","[6, 5, 3, 6, 5]",5,18,211.6875
579,"[4, 3, 2, 1]","[112, 112, 112, 112]","[4, 5, 6, 5]",4,19,211.1067
580,"[2, 5, 2, 4, 1]","[176, 176, 176, 176, 176]","[6, 4, 5, 3, 4]",5,0,224.0463
581,"[3, 3, 5, 3, 5, 4]","[192, 192, 192, 192, 192, 192]","[6, 4, 5, 3, 4, 5]",6,1,231.9789
582,"[2, 1, 3, 5, 6, 6]","[64, 64, 64, 64, 64, 64]","[3, 5, 5, 3, 3, 5]",6,2,212.5198
583,"[3, 3, 1, 5, 1, 5, 2]","[48, 48, 48, 48, 48, 48, 48]","[3, 3, 4, 3, 4, 5, 3]",7,3,213.0043
584,"[2, 5, 2, 3, 2, 3, 5, 4, 6, 6]","[96, 96, 96, 96, 96, 96, 96, 96, 96, 96]","[5, 4, 3, 5, 4, 5, 4, 6, 6, 5]",10,4,234.204
585,"[5, 2, 3, 2]","[112, 112, 112, 112]","[5, 5, 4, 4]",4,5,211.5247
586,"[5, 1, 1, 4, 3]","[96, 96, 96, 96, 96]","[3, 4, 5, 4, 3]",5,6,215.3213
587,"[1, 1, 3, 3]","[192, 192, 192, 192]","[5, 6, 6, 4]",4,7,216.2592
588,"[5, 6, 5, 6, 1, 5, 4, 4, 3]","[144, 144, 144, 144, 144, 144, 144, 144, 144]","[5, 6, 3, 6, 6, 3, 6, 3, 5]",9,8,240.3987
589,"[2, 4, 5, 2, 5, 4]","[112, 112, 112, 112, 112, 112]","[4, 4, 4, 3, 4, 4]",6,9,222.5079
590,"[3, 4, 4, 5, 5, 1]","[96, 96, 96, 96, 96, 96]","[5, 5, 5, 6, 6, 3]",6,10,220.7263
591,"[1, 2, 6, 6, 1, 2, 3]","[192, 192, 192, 192, 192, 192, 192]","[4, 3, 6, 3, 4, 3, 5]",7,11,234.0614
592,"[5, 4, 6, 6]","[32, 32, 32, 32]","[6, 3, 6, 3]",4,12,192.9251
593,"[2, 3, 4, 2, 2, 3]","[144, 144, 144, 144, 144, 144]","[5, 4, 4, 4, 6, 4]",6,13,226.1536
594,"[2, 3, 3, 6, 1]","[128, 128, 128, 128, 128]","[4, 5, 3, 6, 4]",5,14,218.8708
595,"[2, 4, 6, 5, 1, 6, 3, 1, 4]","[128, 128, 128, 128, 128, 128, 128, 128, 128]","[5, 3, 6, 5, 4, 3, 4, 3, 3]",9,15,236.2151
596,"[3, 5, 3, 1]","[160, 160, 160, 160]","[4, 5, 5, 3]",4,16,216.4316
597,"[3, 4, 6, 2, 6]","[80, 80, 80, 80, 80]","[4, 3, 5, 5, 4]",5,17,212.6315
598,"[4, 1, 5, 3, 5, 1]","[144, 144, 144, 144, 144, 144]","[3, 4, 4, 6, 3, 4]",6,18,227.0942
599,"[4, 4, 5, 4, 3, 6, 5, 6, 6, 6]","[48, 48, 48, 48, 48, 48, 48, 48, 48, 48]","[6, 6, 3, 5, 3, 6, 4, 3, 3, 5]",10,19,223.8506
600,"[6, 4, 6, 4, 2, 3, 4]","[32, 32, 32, 32, 32, 32, 32]","[3, 5, 4, 5, 5, 3, 4]",7,0,208.1059
601,"[2, 5, 3, 3, 4, 5, 3, 4, 6, 2]","[240, 240, 240, 240, 240, 240, 240, 240, 240, 240]","[4, 5, 6, 5, 4, 3, 5, 4, 5, 4]",10,1,250.3016
602,"[5, 5, 6, 4, 6, 1, 4, 4, 4, 4]","[64, 64, 64, 64, 64, 64, 64, 64, 64, 64]","[6, 3, 3, 4, 5, 3, 4, 4, 4, 6]",10,2,229.1384
603,"[4, 6, 5, 5, 1]","[96, 96, 96, 96, 96]","[4, 3, 3, 4, 5]",5,3,216.2546
604,"[5, 4, 2, 1, 1, 1]","[80, 80, 80, 80, 80, 80]","[5, 4, 3, 5, 3, 5]",6,4,218.1337
605,"[5, 1, 4, 4, 4, 5, 5, 6]","[176, 176, 176, 176, 176, 176, 176, 176]","[6, 6, 4, 3, 3, 3, 3, 6]",8,5,239.489
606,"[4, 2, 1, 3, 1, 4, 6]","[240, 240, 240, 240, 240, 240, 240]","[4, 6, 3, 3, 5, 6, 4]",7,6,240.0612
607,"[2, 6, 1, 6, 6, 2]","[144, 144, 144, 144, 144, 144]","[6, 4, 5, 3, 4, 6]",6,7,226.5234
608,"[1, 4, 3, 1, 3, 2, 2]","[128, 128, 128, 128, 128, 128, 128]","[6, 4, 5, 4, 3, 5, 6]",7,8,227.2965
609,"[2, 1, 3, 6]","[144, 144, 144, 144]","[4, 6, 3, 3]",4,9,213.3788
610,"[3, 4, 6, 1, 2, 5, 2, 4]","[80, 80, 80, 80, 80, 80, 80, 80]","[4, 6, 4, 6, 5, 3, 6, 4]",8,10,225.6096
611,"[4, 1, 2, 4, 5, 1, 2, 4, 4, 3]","[32, 32, 32, 32, 32, 32, 32, 32, 32, 32]","[5, 3, 3, 6, 6, 6, 4, 4, 5, 3]",10,11,215.189
612,"[6, 6, 2, 3, 1, 2]","[176, 176, 176, 176, 176, 176]","[4, 6, 3, 5, 3, 3]",6,12,231.8046
613,"[5, 1, 4, 5, 5, 5, 1]","[112, 112, 112, 112, 112, 112, 112]","[3, 3, 4, 3, 6, 3, 6]",7,13,227.9533
614,"[6, 4, 6, 1, 4, 5, 3, 3]","[192, 192, 192, 192, 192, 192, 192, 192]","[6, 3, 5, 3, 5, 5, 4, 4]",8,14,241.9489
615,"[2, 5, 1, 6, 2, 6]","[64, 64, 64, 64, 64, 64]","[4, 6, 6, 3, 3, 4]",6,15,213.0918
616,"[2, 4, 5, 5]","[80, 80, 80, 80]","[4, 6, 6, 4]",4,16,205.254
617,"[3, 2, 5, 1]","[160, 160, 160, 160]","[6, 5, 5, 5]",4,17,215.9859
618,"[6, 4, 4, 6, 3, 5, 3, 4]","[128, 128, 128, 128, 128, 128, 128, 128]","[3, 3, 6, 3, 4, 5, 5, 3]",8,18,235.2189
619,"[3, 6, 4, 2, 3, 5, 3, 5, 1]","[48, 48, 48, 48, 48, 48, 48, 48, 48]","[5, 4, 6, 4, 6, 3, 4, 5, 5]",9,19,220.2513
620,"[6, 5, 4, 6, 2, 6, 5, 3, 1]","[64, 64, 64, 64, 64, 64, 64, 64, 64]","[5, 3, 4, 4, 6, 5, 5, 3, 3]",9,0,226.5976
621,"[6, 3, 6, 3, 4, 1, 3, 6, 1]","[144, 144, 144, 144, 144, 144, 144, 144, 144]","[5, 5, 4, 6, 3, 6, 4, 6, 6]",9,1,240.1943
622,"[3, 6, 6, 6, 6, 4, 2, 4]","[48, 48, 48, 48, 48, 48, 48, 48]","[5, 3, 6, 6, 4, 5, 5, 4]",8,2,217.5537
623,"[2, 6, 5, 4, 1]","[48, 48, 48, 48, 48]","[6, 5, 5, 5, 6]",5,3,203.7048
624,"[1, 3, 6, 3]","[176, 176, 176, 176]","[6, 4, 6, 4]",4,4,215.7411
625,"[1, 5, 1, 6, 3, 5, 1, 4, 3]","[112, 112, 112, 112, 112, 112, 112, 112, 112]","[5, 6, 4, 5, 6, 3, 6, 5, 5]",9,5,232.3087
626,"[5, 2, 4, 2]","[32, 32, 32, 32]","[4, 3, 6, 4]",4,6,192.3578
627,"[5, 2, 3, 6, 1, 6, 3, 2, 2]","[48, 48, 48, 48, 48, 48, 48, 48, 48]","[3, 5, 6, 3, 5, 3, 3, 5, 3]",9,7,220.6127
628,"[4, 4, 5, 3, 3, 5, 5]","[160, 160, 160, 160, 160, 160, 160]","[3, 4, 5, 4, 3, 6, 3]",7,8,234.3049
629,"[1, 1, 2, 6]","[128, 128, 128, 128]","[5, 6, 6, 3]",4,9,210.0099
630,"[5, 6, 6, 4, 2]","[32, 32, 32, 32, 32]","[5, 6, 4, 3, 6]",5,10,199.1343
631,"[4, 5, 1, 1, 4, 5, 1]","[128, 128, 128, 128, 128, 128, 128]","[3, 4, 6, 4, 3, 3, 3]",7,11,229.9817
632,"[3, 1, 3, 4, 4, 5]","[32, 32, 32, 32, 32, 32]","[3, 3, 4, 3, 4, 6]",6,12,201.8711
633,"[4, 5, 2, 5, 6, 1, 6]","[48, 48, 48, 48, 48, 48, 48]","[4, 6, 3, 3, 4, 4, 3]",7,13,214.2294
634,"[1, 1, 6, 5, 3, 2, 3, 1, 3]","[64, 64, 64, 64, 64, 64, 64, 64, 64]","[4, 5, 4, 3, 6, 3, 4, 5, 6]",9,14,222.0903
635,"[2, 4, 6, 3, 2, 1, 6, 2]","[176, 176, 176, 176, 176, 176, 176, 176]","[5, 5, 5, 4, 5, 6, 5, 5]",8,15,238.2262
636,"[6, 6, 4, 3]","[144, 144, 144, 144]","[4, 5, 4, 3]",4,16,216.5345
637,"[3, 6, 4, 1, 1, 3, 6, 2, 5, 6]","[160, 160, 160, 160, 160, 160, 160, 160, 160, 160]","[4, 6, 4, 6, 3, 4, 5, 3, 5, 4]",10,17,243.8403
638,"[2, 5, 6, 4, 4, 4, 4, 2, 5, 1]","[128, 128, 128, 128, 128, 128, 128, 128, 128, 128]","[3, 6, 5, 5, 6, 6, 6, 5, 6, 6]",10,18,239.4359
639,"[1, 1, 3, 3, 5]","[48, 48, 48, 48, 48]","[3, 5, 5, 5, 6]",5,19,201.2891
640,"[5, 2, 1, 5, 6, 1, 4, 2]","[48, 48, 48, 48, 48, 48, 48, 48]","[3, 5, 4, 5, 3, 6, 6, 5]",8,0,217.2997
641,"[6, 1, 2, 3, 5, 1, 1, 6, 5, 5]","[48, 48, 48, 48, 48, 48, 48, 48, 48, 48]","[5, 4, 4, 4, 4, 5, 3, 3, 4, 6]",10,1,223.1593
642,"[4, 2, 3, 4]","[176, 176, 176, 176]","[6, 5, 6, 4]",4,2,218.1394
643,"[5, 1, 2, 4, 2, 6, 1, 3, 5]","[32, 32, 32, 32, 32, 32, 32, 32, 32]","[3, 5, 6, 6, 4, 6, 4, 3, 6]",9,3,213.0075
644,"[3, 3, 3, 6]","[192, 192, 192, 192]","[4, 4, 3, 4]",4,4,219.2391
645,"[6, 6, 1, 3, 1, 2, 2, 4, 6]","[64, 64, 64, 64, 64, 64, 64, 64, 64]","[6, 5, 3, 6, 3, 6, 6, 3, 3]",9,5,225.9814
646,"[6, 4, 3, 2, 6, 4, 3]","[192, 192, 192, 192, 192, 192, 192]","[4, 3, 3, 6, 3, 5, 4]",7,6,237.9739
647,"[2, 4, 2, 2, 6, 1, 4, 2, 2, 2]","[240, 240, 240, 240, 240, 240, 240, 240, 240, 240]","[6, 5, 3, 3, 6, 3, 6, 5, 5, 5]",10,7,249.7837
648,"[5, 5, 1, 2, 3, 6, 6, 1]","[32, 32, 32, 32, 32, 32, 32, 32]","[5, 3, 4, 6, 3, 3, 3, 5]",8,8,210.7478
649,"[1, 5, 5, 4, 4, 1, 3]","[160, 160, 160, 160, 160, 160, 160]","[4, 6, 4, 3, 3, 4, 4]",7,9,231.5053
650,"[5, 4, 2, 2, 4, 4]","[112, 112, 112, 112, 112, 112]","[3, 5, 5, 6, 3, 6]",6,10,224.0001
651,"[1, 1, 2, 6, 3, 2, 4, 5]","[96, 96, 96, 96, 96, 96, 96, 96]","[4, 4, 6, 4, 4, 4, 5, 6]",8,11,225.7986
652,"[5, 2, 3, 5, 4, 5, 5, 2]","[144, 144, 144, 144, 144, 144, 144, 144]","[6, 4, 3, 5, 3, 6, 6, 4]",8,12,236.4241
653,"[1, 4, 6, 2]","[192, 192, 192, 192]","[4, 4, 6, 3]",4,13,217.2019
654,"[4, 2, 5, 5, 6]","[144, 144, 144, 144, 144]","[6, 5, 6, 3, 3]",5,14,222.2203
655,"[1, 2, 5, 4, 2]","[96, 96, 96, 96, 96]","[5, 3, 3, 5, 3]",5,15,212.8718
656,"[6, 5, 1, 5, 3]","[144, 144, 144, 144, 144]","[6, 6, 5, 3, 3]",5,16,223.073
657,"[6, 2, 1, 1, 5, 4]","[128, 128, 128, 128, 128, 128]","[4, 5, 6, 6, 5, 5]",6,17,225.8663
658,"[4, 6, 1, 4, 5, 6, 3, 6, 2]","[32, 32, 32, 32, 32, 32, 32, 32, 32]","[4, 4, 4, 5, 6, 5, 6, 5, 5]",9,18,213.825
659,"[3, 3, 5, 2, 3, 1, 6]","[48, 48, 48, 48, 48, 48, 48]","[4, 4, 3, 5, 6, 4, 4]",7,19,213.3432
660,"[5, 3, 3, 5, 3, 2, 4]","[160, 160, 160, 160, 160, 160, 160]","[3, 4, 3, 3, 6, 3, 4]",7,0,234.4174
661,"[2, 6, 4, 6, 3, 3, 4, 5, 3, 3]","[64, 64, 64, 64, 64, 64, 64, 64, 64, 64]","[4, 3, 5, 5, 4, 3, 4, 5, 5, 6]",10,1,227.4773
662,"[1, 6, 5, 6, 6]","[32, 32, 32, 32, 32]","[3, 4, 6, 6, 6]",5,2,196.1229
663,"[6, 5, 3, 4, 1, 2, 2]","[96, 96, 96, 96, 96, 96, 96]","[5, 6, 4, 5, 5, 6, 6]",7,3,226.349
664,"[3, 6, 5, 1, 4, 1, 3, 5, 4, 6]","[96, 96, 96, 96, 96, 96, 96, 96, 96, 96]","[6, 4, 4, 3, 4, 6, 4, 5, 6, 4]",10,4,235.1237
665,"[2, 2, 5, 3, 6, 2]","[128, 128, 128, 128, 128, 128]","[3, 5, 5, 6, 5, 6]",6,5,224.2128
666,"[1, 1, 6, 2, 3, 1]","[192, 192, 192, 192, 192, 192]","[3, 4, 5, 6, 6, 3]",6,6,228.9122
667,"[1, 6, 3, 1, 4, 6, 3]","[112, 112, 112, 112, 112, 112, 112]","[4, 5, 6, 6, 6, 3, 5]",7,7,225.4928
668,"[1, 4, 3, 5, 3, 5, 2, 5, 2, 5]","[160, 160, 160, 160, 160, 160, 160, 160, 160, 160]","[3, 4, 5, 5, 3, 4, 6, 6, 6, 5]",10,8,241.7262
669,"[2, 4, 2, 1, 6, 5, 6, 5, 3]","[96, 96, 96, 96, 96, 96, 96, 96, 96]","[4, 5, 5, 5, 3, 6, 3, 6, 4]",9,9,231.1375
670,"[2, 2, 2, 1, 2]","[96, 96, 96, 96, 96]","[5, 5, 3, 3, 6]",5,10,213.7572
671,"[5, 3, 1, 1, 4, 6, 1, 5]","[176, 176, 176, 176, 176, 176, 176, 176]","[4, 3, 6, 4, 4, 6, 6, 5]",8,11,239.4076
672,"[4, 4, 4, 1, 2, 3, 1, 1, 4, 4]","[240, 240, 240, 240, 240, 240, 240, 240, 240, 240]","[5, 6, 5, 4, 5, 4, 6, 3, 6, 3]",10,12,251.1182
673,"[2, 2, 6, 1, 4, 4, 5, 6, 6]","[64, 64, 64, 64, 64, 64, 64, 64, 64]","[5, 5, 6, 5, 5, 4, 3, 5, 3]",9,13,223.7738
674,"[3, 2, 5, 5, 4, 4, 6]","[144, 144, 144, 144, 144, 144, 144]","[3, 4, 6, 4, 3, 6, 5]",7,14,231.7072
675,"[5, 3, 5, 4]","[176, 176, 176, 176]","[3, 5, 5, 3]",4,15,218.9552
676,"[3, 6, 2, 6, 3]","[144, 144, 144, 144, 144]","[6, 6, 6, 5, 3]",5,16,222.0202
677,"[2, 2, 1, 1]","[128, 128, 128, 128]","[4, 6, 3, 4]",4,17,211.3538
678,"[2, 1, 5, 2, 3, 5, 5, 5, 5]","[48, 48, 48, 48, 48, 48, 48, 48, 48]","[4, 6, 4, 3, 3, 6, 4, 5, 3]",9,18,218.7286
679,"[4, 6, 5, 4, 3, 5, 4, 1, 1, 2]","[48, 48, 48, 48, 48, 48, 48, 48, 48, 48]","[3, 3, 4, 5, 5, 4, 3, 4, 5, 4]",10,19,223.7303
680,"[3, 1, 1, 1, 6]","[112, 112, 112, 112, 112]","[3, 5, 5, 6, 6]",5,0,216.5301
681,"[3, 1, 5, 5, 2]","[64, 64, 64, 64, 64]","[4, 4, 4, 5, 4]",5,1,208.2961
682,"[6, 5, 1, 2, 2, 6]","[64, 64, 64, 64, 64, 64]","[4, 6, 5, 5, 4, 3]",6,2,215.0916
683,"[2, 6, 4, 1, 5]","[112, 112, 112, 112, 112]","[6, 3, 6, 3, 3]",5,3,217.0797
684,"[2, 1, 1, 5, 4, 2, 2]","[80, 80, 80, 80, 80, 80, 80]","[6, 6, 5, 3, 5, 6, 5]",7,4,220.0365
685,"[3, 5, 4, 4, 2, 4]","[80, 80, 80, 80, 80, 80]","[5, 6, 6, 4, 4, 6]",6,5,217.8604
686,"[2, 3, 1, 1, 4]","[176, 176, 176, 176, 176]","[6, 3, 5, 3, 5]",5,6,223.4824
687,"[2, 2, 1, 6, 3]","[128, 128, 128, 128, 128]","[3, 3, 3, 4, 5]",5,7,218.4625
688,"[1, 4, 2, 4, 1, 2, 5, 6, 6]","[32, 32, 32, 32, 32, 32, 32, 32, 32]","[5, 4, 5, 4, 3, 5, 6, 3, 3]",9,8,210.6421
689,"[6, 3, 1, 5, 3, 4, 4, 4]","[96, 96, 96, 96, 96, 96, 96, 96]","[5, 5, 6, 4, 3, 6, 4, 6]",8,9,229.8146
690,"[6, 3, 5, 3, 6, 5, 2, 4, 5, 6]","[64, 64, 64, 64, 64, 64, 64, 64, 64, 64]","[3, 3, 5, 6, 5, 4, 3, 6, 4, 4]",10,10,229.3187
691,"[3, 6, 3, 1, 4, 4, 2, 1, 6, 2]","[32, 32, 32, 32, 32, 32, 32, 32, 32, 32]","[4, 6, 4, 6, 3, 6, 4, 4, 3, 6]",10,11,215.6749
692,"[5, 1, 2, 5, 4, 3, 3, 5]","[160, 160, 160, 160, 160, 160, 160, 160]","[6, 3, 3, 3, 4, 5, 3, 4]",8,12,237.6069
693,"[5, 6, 4, 5, 1, 6, 5, 3, 3, 5]","[192, 192, 192, 192, 192, 192, 192, 192, 192, 192]","[5, 5, 5, 5, 6, 4, 6, 3, 5, 5]",10,13,248.3576
694,"[1, 6, 6, 6, 6, 2, 2]","[240, 240, 240, 240, 240, 240, 240]","[6, 6, 5, 5, 4, 3, 4]",7,14,238.593
695,"[3, 6, 3, 1, 4, 2, 4, 5, 1, 2]","[176, 176, 176, 176, 176, 176, 176, 176, 176, 176]","[3, 4, 3, 5, 6, 4, 3, 5, 3, 3]",10,15,245.4411
696,"[2, 2, 1, 2, 2, 2, 3, 2, 2, 5]","[192, 192, 192, 192, 192, 192, 192, 192, 192, 192]","[3, 4, 5, 5, 6, 4, 5, 5, 4, 6]",10,16,245.2708
697,"[1, 2, 3, 2, 6, 6, 3]","[96, 96, 96, 96, 96, 96, 96]","[6, 5, 4, 3, 6, 6, 3]",7,17,222.5083
698,"[5, 6, 1, 5, 2]","[112, 112, 112, 112, 112]","[5, 4, 4, 5, 3]",5,18,218.7592
699,"[5, 6, 5, 1, 1]","[160, 160, 160, 160, 160]","[3, 3, 4, 6, 4]",5,19,224.4813
700,"[6, 1, 1, 5, 5, 6]","[32, 32, 32, 32, 32, 32]","[5, 5, 6, 6, 4, 6]",6,0,203.0255
701,"[6, 1, 1, 4]","[192, 192, 192, 192]","[5, 3, 5, 3]",4,1,219.594
702,"[1, 2, 6, 2, 2, 5, 1, 6, 4, 1]","[48, 48, 48, 48, 48, 48, 48, 48, 48, 48]","[4, 4, 6, 4, 4, 4, 4, 4, 4, 4]",10,2,220.2664
703,"[2, 4, 1, 6, 6]","[64, 64, 64, 64, 64]","[5, 6, 5, 4, 4]",5,3,207.7935
704,"[3, 6, 5, 3, 5, 3]","[64, 64, 64, 64, 64, 64]","[4, 4, 4, 3, 3, 6]",6,4,214.4886
705,"[6, 6, 6, 2, 1, 3, 3]","[48, 48, 48, 48, 48, 48, 48]","[6, 4, 3, 5, 4, 4, 6]",7,5,215.0855
706,"[5, 4, 6, 3, 1, 4, 3]","[128, 128, 128, 128, 128, 128, 128]","[3, 5, 4, 4, 3, 4, 4]",7,6,230.8333
707,"[6, 4, 1, 1, 5, 4, 3, 5, 5, 3]","[48, 48, 48, 48, 48, 48, 48, 48, 48, 48]","[6, 6, 6, 4, 4, 6, 3, 3, 5, 4]",10,7,223.9132
708,"[4, 1, 4, 2, 4, 2, 6, 1, 6, 5]","[80, 80, 80, 80, 80, 80, 80, 80, 80, 80]","[4, 4, 3, 6, 4, 4, 5, 5, 5, 6]",10,8,231.5504
709,"[2, 5, 5, 5, 4, 1]","[192, 192, 192, 192, 192, 192]","[4, 4, 4, 5, 5, 3]",6,9,231.3863
710,"[4, 2, 3, 3, 6, 5, 4, 2]","[32, 32, 32, 32, 32, 32, 32, 32]","[4, 3, 3, 6, 3, 5, 5, 3]",8,10,210.3149
711,"[4, 6, 6, 4, 6, 6, 4, 2, 4, 6]","[192, 192, 192, 192, 192, 192, 192, 192, 192, 192]","[5, 4, 6, 5, 5, 5, 3, 5, 4, 3]",10,11,248.2111
712,"[3, 5, 5, 2, 6, 4, 1, 1, 6, 2]","[32, 32, 32, 32, 32, 32, 32, 32, 32, 32]","[4, 6, 4, 4, 3, 6, 4, 4, 6, 4]",10,12,215.8407
713,"[5, 1, 5, 6, 1, 1, 4]","[160, 160, 160, 160, 160, 160, 160]","[4, 6, 3, 4, 5, 6, 5]",7,13,233.7088
714,"[2, 3, 5, 4, 5, 1, 1, 6, 5]","[160, 160, 160, 160, 160, 160, 160, 160, 160]","[3, 6, 5, 4, 3, 3, 6, 6, 6]",9,14,239.8884
715,"[3, 5, 3, 6, 2, 2, 6, 6, 1, 6]","[128, 128, 128, 128, 128, 128, 128, 128, 128, 128]","[4, 4, 5, 3, 5, 6, 6, 4, 3, 4]",10,15,240.144
716,"[5, 3, 5, 4]","[144, 144, 144, 144]","[5, 4, 4, 3]",4,16,215.8645
717,"[2, 1, 6, 6, 3]","[80, 80, 80, 80, 80]","[4, 6, 5, 4, 3]",5,17,211.1111
718,"[2, 2, 5, 1, 3, 1]","[96, 96, 96, 96, 96, 96]","[6, 6, 5, 4, 3, 5]",6,18,219.265
719,"[3, 6, 4, 1]","[80, 80, 80, 80]","[6, 3, 4, 4]",4,19,205.9185
720,"[3, 5, 4, 2, 4]","[96, 96, 96, 96, 96]","[6, 5, 5, 4, 5]",5,0,215.5121
721,"[2, 1, 1, 4, 4, 2]","[112, 112, 112, 112, 112, 112]","[4, 5, 3, 4, 5, 4]",6,1,221.2578
722,"[6, 5, 2, 4, 6, 2, 2, 4, 1, 4]","[144, 144, 144, 144, 144, 144, 144, 144, 144, 144]","[3, 5, 3, 5, 3, 5, 3, 3, 5, 6]",10,2,243.3527
723,"[1, 3, 4, 5, 4]","[64, 64, 64, 64, 64]","[3, 3, 6, 3, 4]",5,3,206.6897
724,"[4, 6, 2, 1, 6, 5, 3, 1]","[48, 48, 48, 48, 48, 48, 48, 48]","[4, 5, 5, 4, 3, 3, 6, 4]",8,4,217.4929
725,"[4, 4, 1, 1, 6]","[176, 176, 176, 176, 176]","[6, 5, 4, 3, 3]",5,5,225.0996
726,"[3, 1, 4, 4, 3, 2, 5, 4]","[80, 80, 80, 80, 80, 80, 80, 80]","[5, 3, 6, 3, 6, 3, 3, 3]",8,6,224.957
727,"[6, 2, 1, 3, 1, 6]","[128, 128, 128, 128, 128, 128]","[4, 6, 4, 5, 5, 6]",6,7,225.9092
728,"[6, 6, 3, 6, 1, 6, 1, 1]","[176, 176, 176, 176, 176, 176, 176, 176]","[5, 5, 6, 4, 6, 6, 6, 5]",8,8,240.4824
729,"[1, 3, 6, 3, 2, 3]","[240, 240, 240, 240, 240, 240]","[5, 6, 5, 6, 6, 4]",6,9,233.3021
730,"[4, 3, 3, 2, 2, 5, 5, 4, 2, 4]","[240, 240, 240, 240, 240, 240, 240, 240, 240, 240]","[3, 3, 6, 4, 4, 4, 6, 6, 6, 4]",10,10,251.2404
731,"[1, 5, 1, 5, 3, 3, 5]","[32, 32, 32, 32, 32, 32, 32]","[5, 4, 6, 5, 4, 3, 6]",7,11,204.3279
732,"[1, 6, 3, 1, 3, 4, 6, 1, 5]","[48, 48, 48, 48, 48, 48, 48, 48, 48]","[4, 3, 6, 6, 3, 6, 6, 4, 6]",9,12,217.9948
733,"[3, 5, 4, 2, 3, 2, 4]","[240, 240, 240, 240, 240, 240, 240]","[6, 4, 3, 4, 5, 3, 6]",7,13,240.3592
734,"[4, 6, 4, 5, 4, 4, 2]","[128, 128, 128, 128, 128, 128, 128]","[6, 5, 5, 4, 4, 4, 3]",7,14,230.7417
735,"[4, 2, 2, 3, 6]","[80, 80, 80, 80, 80]","[6, 4, 4, 3, 4]",5,15,212.5657
736,"[1, 3, 3, 4]","[128, 128, 128, 128]","[4, 3, 6, 4]",4,16,210.7389
737,"[4, 2, 5, 5, 5, 4, 1]","[64, 64, 64, 64, 64, 64, 64]","[4, 4, 6, 6, 6, 3, 5]",7,17,218.6446
738,"[6, 5, 4, 2, 1, 5, 5]","[128, 128, 128, 128, 128, 128, 128]","[5, 6, 6, 5, 4, 5, 6]",7,18,231.1988
739,"[3, 5, 1, 5]","[160, 160, 160, 160]","[5, 4, 3, 6]",4,19,216.4101
740,"[5, 5, 5, 3]","[192, 192, 192, 192]","[3, 4, 4, 4]",4,0,220.5719
741,"[3, 3, 1, 2, 5, 5, 3]","[96, 96, 96, 96, 96, 96, 96]","[3, 4, 5, 4, 6, 5, 3]",7,1,224.6089
742,"[3, 6, 3, 6, 1, 5, 3, 1, 5]","[128, 128, 128, 128, 128, 128, 128, 128, 128]","[5, 6, 6, 3, 6, 6, 3, 3, 4]",9,2,237.1034
743,"[1, 1, 2, 4, 4]","[32, 32, 32, 32, 32]","[3, 5, 6, 4, 6]",5,3,194.6504
744,"[5, 2, 6, 4, 5, 3, 2, 4, 6, 4]","[112, 112, 112, 112, 112, 112, 112, 112, 112, 112]","[3, 6, 6, 3, 3, 5, 4, 5, 5, 6]",10,4,238.4747
745,"[4, 4, 2, 1, 4]","[48, 48, 48, 48, 48]","[5, 3, 6, 6, 4]",5,5,204.559
746,"[4, 1, 3, 5, 2]","[160, 160, 160, 160, 160]","[3, 5, 3, 3, 5]",5,6,223.2359
747,"[1, 5, 4, 3, 3, 5]","[128, 128, 128, 128, 128, 128]","[6, 3, 3, 4, 5, 5]",6,7,223.3219
748,"[4, 1, 5, 6]","[64, 64, 64, 64]","[3, 5, 4, 6]",4,8,202.3612
749,"[2, 3, 2, 1, 5, 6, 3]","[48, 48, 48, 48, 48, 48, 48]","[3, 6, 6, 3, 4, 4, 5]",7,9,212.3547
750,"[2, 4, 3, 5, 4]","[32, 32, 32, 32, 32]","[5, 6, 5, 6, 3]",5,10,196.9847
751,"[4, 3, 6, 5]","[80, 80, 80, 80]","[5, 6, 3, 5]",4,11,206.5233
752,"[2, 4, 3, 4, 3, 5, 3, 1, 4]","[96, 96, 96, 96, 96, 96, 96, 96, 96]","[6, 4, 5, 4, 5, 5, 6, 5, 5]",9,12,231.2535
753,"[5, 6, 4, 5, 6, 3, 4]","[64, 64, 64, 64, 64, 64, 64]","[3, 3, 3, 5, 4, 4, 4]",7,13,219.7559
754,"[4, 5, 3, 4]","[144, 144, 144, 144]","[5, 5, 5, 6]",4,14,215.5259
755,"[6, 3, 1, 4, 1, 1]","[128, 128, 128, 128, 128, 128]","[5, 4, 4, 6, 6, 4]",6,15,225.991
756,"[6, 3, 2, 2, 2, 2, 5, 2, 4]","[192, 192, 192, 192, 192, 192, 192, 192, 192]","[3, 3, 5, 6, 6, 5, 4, 4, 4]",9,16,244.8992
757,"[6, 1, 3, 3, 3, 6, 3, 1, 1]","[96, 96, 96, 96, 96, 96, 96, 96, 96]","[5, 3, 3, 3, 4, 4, 4, 6, 3]",9,17,232.5032
758,"[5, 2, 4, 1, 5, 2, 2, 4]","[192, 192, 192, 192, 192, 192, 192, 192]","[3, 4, 5, 5, 6, 5, 6, 5]",8,18,240.9901
759,"[3, 6, 5, 1, 5, 5, 5, 2, 2]","[80, 80, 80, 80, 80, 80, 80, 80, 80]","[6, 4, 4, 6, 3, 3, 6, 5, 6]",9,19,229.1145
760,"[1, 4, 4, 4, 1, 4, 2, 4, 4]","[240, 240, 240, 240, 240, 240, 240, 240, 240]","[3, 6, 4, 4, 3, 3, 3, 5, 3]",9,0,245.5663
761,"[1, 5, 2, 3]","[192, 192, 192, 192]","[4, 6, 4, 4]",4,1,217.109
762,"[3, 5, 6, 3, 6]","[48, 48, 48, 48, 48]","[3, 5, 6, 3, 3]",5,2,204.6889
763,"[2, 3, 5, 2, 3, 4, 4]","[160, 160, 160, 160, 160, 160, 160]","[4, 6, 6, 6, 3, 4, 5]",7,3,232.5981
764,"[3, 1, 2, 1, 3, 2, 5, 5]","[160, 160, 160, 160, 160, 160, 160, 160]","[5, 4, 4, 5, 5, 3, 3, 6]",8,4,236.3307
765,"[1, 1, 1, 5, 1, 2, 2, 5, 1]","[32, 32, 32, 32, 32, 32, 32, 32, 32]","[5, 4, 3, 3, 5, 3, 4, 5, 4]",9,5,209.4904
766,"[6, 6, 1, 3, 4, 4, 1, 1, 4, 5]","[144, 144, 144, 144, 144, 144, 144, 144, 144, 144]","[5, 6, 4, 3, 4, 4, 6, 4, 3, 3]",10,6,243.179
767,"[1, 5, 2, 2, 3]","[64, 64, 64, 64, 64]","[5, 4, 6, 5, 5]",5,7,206.5134
768,"[1, 4, 1, 5, 4, 2, 1, 1, 6, 4]","[112, 112, 112, 112, 112, 112, 112, 112, 112, 112]","[3, 6, 5, 6, 5, 5, 4, 3, 3, 4]",10,8,234.9904
769,"[3, 6, 2, 5, 4, 3, 3, 2, 2, 5]","[32, 32, 32, 32, 32, 32, 32, 32, 32, 32]","[4, 5, 4, 6, 5, 6, 5, 5, 5, 3]",10,9,215.8782
770,"[4, 5, 5, 4]","[80, 80, 80, 80]","[4, 4, 4, 5]",4,10,206.7794
771,"[1, 5, 1, 4, 4, 3, 4, 3, 4]","[176, 176, 176, 176, 176, 176, 176, 176, 176]","[6, 6, 5, 3, 3, 5, 5, 3, 6]",9,11,240.1454
772,"[3, 6, 5, 5, 5, 3, 5]","[64, 64, 64, 64, 64, 64, 64]","[6, 4, 3, 6, 3, 5, 6]",7,12,218.7086
773,"[3, 3, 6, 3, 5]","[80, 80, 80, 80, 80]","[5, 4, 4, 6, 4]",5,13,212.544
774,"[6, 1, 1, 6]","[240, 240, 240, 240]","[3, 3, 4, 6]",4,14,223.0945
775,"[3, 6, 1, 5, 2, 4, 2, 1, 5, 6]","[160, 160, 160, 160, 160, 160, 160, 160, 160, 160]","[5, 5, 6, 4, 3, 3, 6, 3, 5, 4]",10,15,243.7557
776,"[4, 2, 2, 5, 1]","[176, 176, 176, 176, 176]","[6, 4, 4, 3, 6]",5,16,224.94
777,"[1, 3, 5, 6, 1, 4, 1]","[160, 160, 160, 160, 160, 160, 160]","[4, 4, 3, 3, 6, 6, 6]",7,17,231.176
778,"[5, 2, 2, 1, 5, 6]","[112, 112, 112, 112, 112, 112]","[6, 6, 5, 6, 3, 5]",6,18,223.4655
779,"[2, 1, 1, 3]","[240, 240, 240, 240]","[5, 3, 4, 3]",4,19,220.7777
780,"[6, 4, 4, 2, 1, 5, 2]","[64, 64, 64, 64, 64, 64, 64]","[5, 5, 4, 5, 6, 3, 4]",7,0,219.3146
781,"[5, 5, 4, 5, 1, 4, 4, 1]","[32, 32, 32, 32, 32, 32, 32, 32]","[4, 3, 4, 3, 6, 5, 6, 5]",8,1,211.1914
782,"[5, 4, 3, 3, 5]","[192, 192, 192, 192, 192]","[5, 6, 4, 6, 6]",5,2,227.3997
783,"[3, 6, 6, 4, 6, 5, 3, 2, 6, 1]","[32, 32, 32, 32, 32, 32, 32, 32, 32, 32]","[4, 6, 4, 3, 4, 4, 6, 4, 6, 3]",10,3,216.2388
784,"[4, 4, 2, 5, 5, 4, 6]","[160, 160, 160, 160, 160, 160, 160]","[4, 4, 4, 3, 3, 3, 5]",7,4,234.2197
785,"[1, 3, 1, 5, 6]","[240, 240, 240, 240, 240]","[5, 3, 5, 4, 5]",5,5,227.3753
786,"[4, 5, 3, 1, 3, 2, 4, 2, 6]","[96, 96, 96, 96, 96, 96, 96, 96, 96]","[6, 3, 6, 6, 3, 5, 5, 3, 6]",9,6,232.5418
787,"[5, 6, 1, 2, 1, 2, 4, 2]","[144, 144, 144, 144, 144, 144, 144, 144]","[4, 5, 6, 3, 4, 5, 6, 3]",8,7,236.2776
788,"[5, 3, 1, 5, 3, 2, 3]","[240, 240, 240, 240, 240, 240, 240]","[4, 6, 4, 6, 5, 5, 5]",7,8,240.845
789,"[3, 5, 3, 6, 3, 2, 5, 6, 5]","[128, 128, 128, 128, 128, 128, 128, 128, 128]","[3, 3, 6, 3, 6, 4, 6, 6, 5]",9,9,237.2351
790,"[5, 3, 6, 4, 1]","[160, 160, 160, 160, 160]","[6, 5, 3, 3, 6]",5,10,224.3361
791,"[6, 5, 3, 6, 3, 1, 4]","[160, 160, 160, 160, 160, 160, 160]","[3, 6, 5, 3, 6, 5, 3]",7,11,235.0022
792,"[1, 3, 5, 1, 6, 5, 4, 1]","[128, 128, 128, 128, 128, 128, 128, 128]","[4, 4, 5, 6, 3, 3, 3, 5]",8,12,231.2795
793,"[4, 5, 6, 6, 2, 3, 1]","[112, 112, 112, 112, 112, 112, 112]","[4, 4, 6, 5, 6, 4, 6]",7,13,228.4345
794,"[2, 6, 6, 1]","[112, 112, 112, 112]","[3, 6, 4, 3]",4,14,210.3886
795,"[2, 2, 4, 3, 6, 5, 3, 1, 1, 2]","[128, 128, 128, 128, 128, 128, 128, 128, 128, 128]","[6, 6, 6, 6, 3, 6, 3, 6, 3, 5]",10,15,238.6857
796,"[2, 2, 2, 6, 3, 4, 6, 6, 6]","[32, 32, 32, 32, 32, 32, 32, 32, 32]","[4, 3, 6, 5, 6, 4, 3, 4, 3]",9,16,211.9779
797,"[3, 4, 5, 2, 3, 1, 3, 2]","[48, 48, 48, 48, 48, 48, 48, 48]","[4, 5, 3, 4, 5, 3, 5, 5]",8,17,216.8513
798,"[1, 4, 4, 5, 4, 3, 5, 6]","[128, 128, 128, 128, 128, 128, 128, 128]","[5, 3, 4, 5, 3, 4, 6, 4]",8,18,231.6541
799,"[4, 2, 5, 6, 1]","[240, 240, 240, 240, 240]","[6, 5, 5, 4, 3]",5,19,230.1465
800,"[6, 5, 5, 4]","[112, 112, 112, 112]","[6, 5, 5, 6]",4,0,212.6294
801,"[1, 3, 4, 2, 2, 3, 6, 1]","[128, 128, 128, 128, 128, 128, 128, 128]","[5, 5, 4, 4, 5, 4, 6, 3]",8,1,231.111
802,"[2, 4, 4, 4, 6, 5, 3]","[128, 128, 128, 128, 128, 128, 128]","[3, 4, 6, 3, 6, 4, 4]",7,2,229.2238
803,"[4, 6, 5, 1, 2, 4]","[240, 240, 240, 240, 240, 240]","[5, 3, 5, 4, 3, 5]",6,3,236.2706
804,"[4, 3, 5, 3]","[160, 160, 160, 160]","[3, 5, 3, 3]",4,4,217.0242
805,"[4, 1, 4, 6, 6, 4, 5, 6, 2, 6]","[96, 96, 96, 96, 96, 96, 96, 96, 96, 96]","[5, 3, 6, 6, 6, 4, 3, 4, 3, 5]",10,5,235.0912
806,"[4, 4, 3, 4, 4, 1, 4, 4]","[48, 48, 48, 48, 48, 48, 48, 48]","[5, 6, 4, 3, 5, 6, 4, 6]",8,6,217.5011
807,"[4, 4, 5, 1, 4, 4]","[96, 96, 96, 96, 96, 96]","[4, 3, 4, 4, 4, 6]",6,7,221.2357
808,"[6, 4, 2, 1, 2, 5, 6, 5]","[96, 96, 96, 96, 96, 96, 96, 96]","[4, 5, 4, 6, 5, 5, 4, 3]",8,8,229.9287
809,"[3, 3, 4, 1, 4, 4, 5, 6]","[240, 240, 240, 240, 240, 240, 240, 240]","[6, 5, 3, 6, 5, 3, 5, 3]",8,9,244.1296
810,"[3, 6, 6, 5, 1, 1, 2, 4, 2]","[96, 96, 96, 96, 96, 96, 96, 96, 96]","[6, 4, 5, 6, 5, 5, 4, 6, 4]",9,10,232.2424
811,"[2, 1, 5, 3, 4, 6, 5, 2, 1, 5]","[80, 80, 80, 80, 80, 80, 80, 80, 80, 80]","[6, 6, 3, 4, 5, 5, 6, 6, 5, 5]",10,11,230.2418
812,"[6, 4, 3, 3, 5, 3, 2, 5, 1]","[48, 48, 48, 48, 48, 48, 48, 48, 48]","[3, 5, 4, 3, 3, 6, 4, 4, 6]",9,12,221.4082
813,"[3, 2, 3, 2, 6, 3, 2, 5, 2]","[112, 112, 112, 112, 112, 112, 112, 112, 112]","[4, 3, 4, 6, 3, 5, 6, 6, 5]",9,13,234.2371
814,"[6, 4, 4, 5, 1, 3, 5, 1, 3, 1]","[144, 144, 144, 144, 144, 144, 144, 144, 144, 144]","[3, 3, 3, 3, 6, 5, 6, 5, 6, 5]",10,14,243.2731
815,"[3, 1, 4, 4, 1, 2, 6, 4]","[128, 128, 128, 128, 128, 128, 128, 128]","[4, 5, 5, 4, 6, 5, 5, 6]",8,15,232.7975
816,"[5, 5, 1, 6, 6]","[176, 176, 176, 176, 176]","[6, 6, 3, 4, 5]",5,16,225.9746
817,"[2, 1, 4, 5, 6, 2, 4]","[96, 96, 96, 96, 96, 96, 96]","[4, 5, 3, 5, 6, 6, 5]",7,17,223.633
818,"[2, 3, 4, 2]","[144, 144, 144, 144]","[3, 5, 3, 4]",4,18,213.8635
819,"[1, 5, 6, 5, 6, 1]","[192, 192, 192, 192, 192, 192]","[3, 5, 6, 6, 6, 6]",6,19,230.0867
820,"[1, 1, 5, 5, 4]","[176, 176, 176, 176, 176]","[5, 4, 5, 5, 5]",5,0,222.193
821,"[5, 6, 2, 1, 4, 3, 2]","[240, 240, 240, 240, 240, 240, 240]","[5, 4, 6, 5, 6, 3, 5]",7,1,241.1988
822,"[4, 3, 3, 5, 6, 3, 4, 5]","[48, 48, 48, 48, 48, 48, 48, 48]","[5, 3, 3, 4, 5, 6, 5, 3]",8,2,217.5481
823,"[2, 6, 3, 2, 2]","[144, 144, 144, 144, 144]","[5, 6, 4, 3, 5]",5,3,221.015
824,"[1, 5, 6, 3, 2, 2, 6, 5, 6]","[32, 32, 32, 32, 32, 32, 32, 32, 32]","[6, 4, 4, 6, 3, 4, 4, 5, 3]",9,4,211.1283
825,"[3, 4, 1, 1, 1, 2, 2, 2]","[64, 64, 64, 64, 64, 64, 64, 64]","[3, 5, 6, 6, 3, 3, 5, 4]",8,5,221.0061
826,"[2, 1, 1, 6, 4, 3, 1, 3]","[32, 32, 32, 32, 32, 32, 32, 32]","[4, 6, 4, 4, 4, 6, 5, 6]",8,6,208.2271
827,"[5, 4, 5, 3, 4, 2, 5]","[32, 32, 32, 32, 32, 32, 32]","[5, 3, 6, 5, 3, 3, 3]",7,7,207.6806
828,"[2, 6, 1, 3]","[144, 144, 144, 144]","[4, 3, 4, 4]",4,8,214.0083
829,"[1, 3, 3, 4, 2, 6, 5, 3, 4]","[240, 240, 240, 240, 240, 240, 240, 240, 240]","[5, 6, 3, 4, 3, 6, 3, 4, 5]",9,9,245.5095
830,"[4, 6, 3, 5]","[176, 176, 176, 176]","[6, 5, 5, 3]",4,10,218.8179
831,"[6, 5, 5, 1, 6, 1, 6, 2]","[112, 112, 112, 112, 112, 112, 112, 112]","[6, 3, 6, 4, 4, 5, 5, 3]",8,11,232.741
832,"[1, 3, 6, 2]","[80, 80, 80, 80]","[4, 5, 5, 3]",4,12,203.627
833,"[2, 6, 6, 5, 4, 1, 5, 4]","[144, 144, 144, 144, 144, 144, 144, 144]","[5, 5, 5, 4, 3, 6, 5, 6]",8,13,235.1948
834,"[4, 5, 1, 2, 3]","[160, 160, 160, 160, 160]","[5, 5, 6, 5, 3]",5,14,223.7761
835,"[3, 2, 3, 6, 2, 4, 6, 2]","[144, 144, 144, 144, 144, 144, 144, 144]","[5, 3, 4, 5, 3, 5, 3, 3]",8,15,235.279
836,"[1, 3, 6, 5]","[144, 144, 144, 144]","[3, 6, 5, 3]",4,16,212.776
837,"[6, 1, 6, 5, 6]","[240, 240, 240, 240, 240]","[3, 4, 5, 5, 4]",5,17,230.8028
838,"[2, 6, 6, 4, 1, 4, 1, 5]","[176, 176, 176, 176, 176, 176, 176, 176]","[6, 5, 3, 4, 5, 4, 4, 4]",8,18,238.4696
839,"[2, 2, 3, 5, 4, 1, 2]","[160, 160, 160, 160, 160, 160, 160]","[5, 6, 3, 3, 6, 5, 6]",7,19,232.2262
840,"[3, 1, 3, 6, 1, 4, 3, 3]","[192, 192, 192, 192, 192, 192, 192, 192]","[4, 5, 3, 6, 3, 3, 4, 3]",8,0,239.6727
841,"[6, 2, 2, 6, 2, 5, 4, 3, 3]","[160, 160, 160, 160, 160, 160, 160, 160, 160]","[3, 6, 3, 4, 6, 6, 3, 3, 4]",9,1,241.7517
842,"[5, 4, 3, 2, 5, 5]","[64, 64, 64, 64, 64, 64]","[3, 5, 5, 5, 4, 5]",6,2,214.9531
843,"[5, 6, 3, 6, 6, 6, 2, 2, 6]","[64, 64, 64, 64, 64, 64, 64, 64, 64]","[6, 3, 6, 4, 5, 6, 3, 6, 3]",9,3,226.386
844,"[4, 1, 1, 2, 6, 4, 3, 2, 6]","[48, 48, 48, 48, 48, 48, 48, 48, 48]","[5, 6, 4, 6, 4, 5, 6, 4, 3]",9,4,219.5264
845,"[3, 2, 4, 4, 1, 1, 3]","[80, 80, 80, 80, 80, 80, 80]","[4, 4, 5, 6, 4, 6, 3]",7,5,221.4533
846,"[6, 3, 4, 4, 2, 5]","[144, 144, 144, 144, 144, 144]","[4, 3, 6, 6, 5, 5]",6,6,228.5728
847,"[5, 2, 3, 6, 3, 3, 2, 1]","[160, 160, 160, 160, 160, 160, 160, 160]","[5, 4, 3, 5, 4, 3, 3, 6]",8,7,238.0201
848,"[6, 5, 4, 2, 5, 2]","[48, 48, 48, 48, 48, 48]","[5, 3, 4, 6, 3, 6]",6,8,210.7872
849,"[2, 2, 6, 4, 6, 6, 4, 2]","[112, 112, 112, 112, 112, 112, 112, 112]","[4, 5, 4, 4, 5, 4, 6, 5]",8,9,230.5223
850,"[3, 4, 2, 4, 4, 2, 6, 6, 4, 3]","[80, 80, 80, 80, 80, 80, 80, 80, 80, 80]","[4, 3, 3, 6, 5, 4, 3, 3, 6, 6]",10,10,231.749
851,"[5, 2, 6, 5, 6]","[240, 240, 240, 240, 240]","[4, 5, 3, 6, 3]",5,11,230.8425
852,"[6, 5, 6, 4, 6, 4, 2, 6]","[32, 32, 32, 32, 32, 32, 32, 32]","[3, 5, 5, 4, 4, 6, 3, 3]",8,12,211.8036
853,"[5, 5, 3, 5, 4]","[240, 240, 240, 240, 240]","[6, 6, 4, 3, 5]",5,13,231.1382
854,"[5, 3, 6, 4, 2, 5, 2, 5, 5, 3]","[128, 128, 128, 128, 128, 128, 128, 128, 128, 128]","[5, 6, 6, 5, 6, 6, 4, 6, 6, 3]",10,14,240.962
855,"[2, 5, 6, 1, 2, 6, 2, 2]","[80, 80, 80, 80, 80, 80, 80, 80]","[4, 6, 5, 4, 4, 6, 6, 5]",8,15,224.9042
856,"[4, 5, 1, 2, 3, 3, 5, 6]","[192, 192, 192, 192, 192, 192, 192, 192]","[6, 3, 4, 3, 6, 5, 5, 5]",8,16,240.9173
857,"[4, 3, 4, 5, 2]","[192, 192, 192, 192, 192]","[4, 6, 3, 6, 4]",5,17,226.857
858,"[5, 6, 3, 2, 2, 1]","[96, 96, 96, 96, 96, 96]","[6, 4, 3, 6, 5, 4]",6,18,221.6705
859,"[5, 5, 4, 2, 1, 4, 5, 5]","[160, 160, 160, 160, 160, 160, 160, 160]","[6, 3, 6, 4, 4, 6, 6, 3]",8,19,238.4536
860,"[6, 1, 3, 3, 3, 6, 6, 3, 1]","[192, 192, 192, 192, 192, 192, 192, 192, 192]","[4, 5, 5, 5, 4, 4, 4, 4, 5]",9,0,244.5437
861,"[4, 4, 4, 2, 1, 6, 3, 1, 3]","[192, 192, 192, 192, 192, 192, 192, 192, 192]","[3, 4, 3, 4, 5, 3, 4, 3, 3]",9,1,244.3565
862,"[2, 1, 4, 5]","[80, 80, 80, 80]","[4, 4, 5, 5]",4,2,204.4327
863,"[5, 1, 5, 3, 1, 3]","[64, 64, 64, 64, 64, 64]","[3, 3, 5, 5, 5, 6]",6,3,214.1535
864,"[5, 6, 3, 4, 6]","[64, 64, 64, 64, 64]","[3, 3, 6, 5, 5]",5,4,210.2327
865,"[3, 1, 3, 3, 3, 4]","[32, 32, 32, 32, 32, 32]","[3, 4, 4, 6, 3, 5]",6,5,201.8404
866,"[3, 2, 4, 3, 6, 2, 2]","[128, 128, 128, 128, 128, 128, 128]","[6, 4, 5, 6, 3, 3, 4]",7,6,229.4491
867,"[2, 3, 6, 2, 3, 6, 3]","[128, 128, 128, 128, 128, 128, 128]","[5, 6, 5, 4, 3, 6, 3]",7,7,228.931
868,"[5, 1, 6, 1, 5, 5]","[144, 144, 144, 144, 144, 144]","[4, 4, 5, 5, 3, 6]",6,8,227.5467
869,"[1, 6, 2, 4, 1, 2, 6, 5, 2]","[240, 240, 240, 240, 240, 240, 240, 240, 240]","[4, 6, 5, 3, 5, 4, 6, 3, 3]",9,9,245.6106
870,"[5, 5, 4, 6, 6, 2, 5, 6]","[128, 128, 128, 128, 128, 128, 128, 128]","[5, 5, 6, 3, 4, 5, 6, 4]",8,10,235.0289
871,"[6, 5, 1, 6, 6, 5, 1]","[96, 96, 96, 96, 96, 96, 96]","[4, 6, 4, 6, 4, 6, 3]",7,11,226.4164
872,"[2, 6, 2, 6, 4]","[192, 192, 192, 192, 192]","[4, 6, 4, 3, 4]",5,12,225.8124
873,"[3, 1, 5, 1]","[240, 240, 240, 240]","[5, 4, 6, 4]",4,13,221.8293
874,"[3, 3, 2, 2]","[176, 176, 176, 176]","[4, 3, 6, 5]",4,14,217.5839
875,"[4, 3, 3, 2, 1, 6, 6, 6, 5, 6]","[80, 80, 80, 80, 80, 80, 80, 80, 80, 80]","[3, 3, 6, 5, 6, 3, 6, 5, 6, 4]",10,15,232.0854
876,"[1, 1, 6, 2, 6, 5, 3]","[128, 128, 128, 128, 128, 128, 128]","[6, 5, 6, 5, 3, 4, 6]",7,16,226.9778
877,"[3, 3, 6, 4, 2, 4, 4, 4, 6]","[160, 160, 160, 160, 160, 160, 160, 160, 160]","[5, 4, 5, 4, 3, 4, 3, 5, 6]",9,17,240.9279
878,"[6, 2, 5, 6, 4]","[48, 48, 48, 48, 48]","[4, 3, 3, 3, 4]",5,18,205.6443
879,"[4, 3, 5, 5]","[112, 112, 112, 112]","[4, 4, 4, 4]",4,19,211.6772
880,"[5, 5, 4, 3, 4, 3, 2]","[176, 176, 176, 176, 176, 176, 176]","[5, 4, 5, 3, 6, 4, 4]",7,0,236.3053
881,"[1, 6, 5, 1, 5, 1, 1]","[160, 160, 160, 160, 160, 160, 160]","[5, 5, 5, 3, 6, 3, 4]",7,1,231.3417
882,"[4, 3, 2, 6, 3, 5, 6, 1, 5, 4]","[64, 64, 64, 64, 64, 64, 64, 64, 64, 64]","[3, 3, 6, 6, 4, 6, 3, 5, 5, 3]",10,2,228.2558
883,"[6, 5, 3, 3, 5, 4]","[96, 96, 96, 96, 96, 96]","[4, 6, 4, 6, 3, 3]",6,3,222.257
884,"[6, 4, 3, 2, 1]","[144, 144, 144, 144, 144]","[5, 6, 4, 5, 4]",5,4,222.8845
885,"[3, 2, 6, 1, 2]","[240, 240, 240, 240, 240]","[6, 6, 4, 6, 5]",5,5,229.4001
886,"[1, 2, 2, 2]","[96, 96, 96, 96]","[5, 4, 4, 6]",4,6,205.8827
887,"[5, 4, 2, 3, 2, 4, 1]","[64, 64, 64, 64, 64, 64, 64]","[4, 3, 6, 5, 3, 3, 3]",7,7,219.0254
888,"[4, 3, 4, 2, 5, 4, 1, 1, 6, 5]","[96, 96, 96, 96, 96, 96, 96, 96, 96, 96]","[4, 3, 5, 4, 5, 5, 4, 3, 6, 4]",10,8,235.3261
889,"[6, 2, 4, 6, 3, 1, 5]","[96, 96, 96, 96, 96, 96, 96]","[5, 4, 4, 4, 6, 3, 6]",7,9,226.117
890,"[1, 4, 3, 5, 5, 1, 3, 2]","[160, 160, 160, 160, 160, 160, 160, 160]","[3, 3, 5, 5, 6, 6, 3, 3]",8,10,235.1799
891,"[5, 5, 5, 1, 3, 4]","[112, 112, 112, 112, 112, 112]","[6, 4, 4, 3, 6, 3]",6,11,224.2028
892,"[4, 2, 1, 1, 2, 6, 4, 2, 1]","[176, 176, 176, 176, 176, 176, 176, 176, 176]","[6, 6, 4, 4, 5, 4, 3, 3, 4]",9,12,242.0199
893,"[5, 3, 2, 5, 2]","[48, 48, 48, 48, 48]","[5, 4, 3, 3, 6]",5,13,205.0203
894,"[5, 3, 2, 2, 1, 5, 1, 3]","[96, 96, 96, 96, 96, 96, 96, 96]","[3, 5, 5, 3, 4, 5, 4, 5]",8,14,229.2389
895,"[3, 6, 4, 1, 5, 5, 3, 3, 3, 5]","[48, 48, 48, 48, 48, 48, 48, 48, 48, 48]","[4, 3, 6, 3, 4, 5, 6, 3, 5, 3]",10,15,223.1174
896,"[4, 1, 1, 5, 4]","[192, 192, 192, 192, 192]","[4, 5, 6, 6, 6]",5,16,225.9194
897,"[1, 4, 2, 5, 5, 5, 1, 1, 5, 3]","[48, 48, 48, 48, 48, 48, 48, 48, 48, 48]","[3, 6, 3, 5, 3, 4, 3, 4, 3, 4]",10,17,220.586
898,"[4, 5, 6, 6, 4, 4, 2, 3]","[80, 80, 80, 80, 80, 80, 80, 80]","[4, 4, 6, 6, 4, 3, 3, 3]",8,18,226.7038
899,"[1, 6, 6, 2, 1, 6, 2]","[176, 176, 176, 176, 176, 176, 176]","[5, 5, 4, 3, 6, 5, 6]",7,19,233.112
900,"[2, 5, 6, 3, 3, 3, 3, 2]","[64, 64, 64, 64, 64, 64, 64, 64]","[3, 3, 6, 3, 5, 3, 4, 4]",8,0,221.2937
901,"[5, 1, 5, 1, 3, 3, 2, 5]","[64, 64, 64, 64, 64, 64, 64, 64]","[5, 5, 3, 5, 6, 6, 5, 4]",8,1,221.8047
902,"[5, 5, 2, 4, 6, 2, 2, 1, 5]","[80, 80, 80, 80, 80, 80, 80, 80, 80]","[4, 6, 5, 3, 4, 3, 4, 5, 6]",9,2,229.9089
903,"[6, 6, 5, 5, 3]","[240, 240, 240, 240, 240]","[3, 4, 6, 6, 3]",5,3,231.7083
904,"[5, 1, 6, 6, 6, 6, 1, 2, 1]","[112, 112, 112, 112, 112, 112, 112, 112, 112]","[3, 5, 4, 3, 6, 3, 4, 5, 4]",9,4,235.1121
905,"[2, 4, 1, 1, 5, 5]","[96, 96, 96, 96, 96, 96]","[5, 6, 5, 6, 6, 5]",6,5,219.4427
906,"[1, 1, 3, 4]","[48, 48, 48, 48]","[6, 4, 4, 3]",4,6,195.103
907,"[3, 4, 6, 1, 1]","[192, 192, 192, 192, 192]","[6, 5, 5, 4, 3]",5,7,226.1678
908,"[2, 6, 6, 2, 5, 6, 6, 1, 2, 1]","[176, 176, 176, 176, 176, 176, 176, 176, 176, 176]","[3, 5, 6, 6, 3, 4, 4, 4, 6, 6]",10,8,244.9896
909,"[4, 3, 2, 5, 6, 5, 1, 6]","[112, 112, 112, 112, 112, 112, 112, 112]","[6, 6, 4, 5, 3, 4, 3, 4]",8,9,231.7312
910,"[4, 2, 6, 2, 1, 1, 4, 1, 3, 1]","[96, 96, 96, 96, 96, 96, 96, 96, 96, 96]","[6, 3, 6, 3, 4, 3, 5, 5, 6, 5]",10,10,234.8366
911,"[2, 1, 4, 3, 1, 3, 5, 3, 4]","[240, 240, 240, 240, 240, 240, 240, 240, 240]","[4, 3, 4, 5, 4, 3, 5, 3, 6]",9,11,246.1267
912,"[6, 5, 5, 6, 1, 4, 6, 6, 2]","[32, 32, 32, 32, 32, 32, 32, 32, 32]","[3, 6, 4, 5, 5, 3, 6, 6, 3]",9,12,214.6326
913,"[5, 1, 2, 3, 5, 3, 4]","[64, 64, 64, 64, 64, 64, 64]","[5, 3, 4, 6, 3, 6, 5]",7,13,218.3067
914,"[3, 1, 3, 4, 5, 2, 5]","[96, 96, 96, 96, 96, 96, 96]","[3, 5, 4, 3, 6, 3, 3]",7,14,224.3242
915,"[2, 6, 6, 1, 4, 3, 4, 1, 5, 3]","[32, 32, 32, 32, 32, 32, 32, 32, 32, 32]","[4, 5, 3, 3, 3, 6, 4, 5, 6, 4]",10,15,215.0634
916,"[6, 6, 2, 2, 4, 6, 4, 3, 5, 5]","[240, 240, 240, 240, 240, 240, 240, 240, 240, 240]","[4, 5, 4, 6, 3, 5, 3, 3, 5, 3]",10,16,252.4862
917,"[6, 5, 5, 6, 4, 5, 5]","[32, 32, 32, 32, 32, 32, 32]","[5, 3, 3, 3, 6, 3, 5]",7,17,208.3919
918,"[2, 1, 3, 1]","[176, 176, 176, 176]","[5, 6, 6, 5]",4,18,216.1069
919,"[4, 6, 3, 4]","[160, 160, 160, 160]","[6, 6, 6, 6]",4,19,217.2537
920,"[2, 3, 4, 3, 3, 5, 2, 6]","[160, 160, 160, 160, 160, 160, 160, 160]","[5, 4, 3, 3, 3, 5, 4, 5]",8,0,236.564
921,"[5, 6, 3, 4, 6, 6, 4, 4, 4]","[32, 32, 32, 32, 32, 32, 32, 32, 32]","[3, 3, 6, 3, 5, 5, 5, 6, 3]",9,1,214.394
922,"[3, 2, 3, 4, 3, 2, 5, 2, 5]","[176, 176, 176, 176, 176, 176, 176, 176, 176]","[3, 3, 5, 4, 6, 6, 4, 4, 6]",9,2,242.0385
923,"[6, 4, 6, 1, 2, 4, 1, 5, 2, 2]","[192, 192, 192, 192, 192, 192, 192, 192, 192, 192]","[5, 6, 3, 4, 5, 6, 6, 5, 5, 6]",10,3,248.205
924,"[3, 2, 6, 5, 6, 4, 3, 3, 1]","[128, 128, 128, 128, 128, 128, 128, 128, 128]","[6, 4, 4, 5, 5, 6, 4, 4, 4]",9,4,236.8487
925,"[3, 6, 2, 5, 1, 1, 5, 5, 6, 1]","[112, 112, 112, 112, 112, 112, 112, 112, 112, 112]","[3, 6, 6, 4, 6, 3, 3, 6, 4, 6]",10,5,237.5301
926,"[5, 5, 3, 4, 6, 3, 4, 5, 1, 6]","[32, 32, 32, 32, 32, 32, 32, 32, 32, 32]","[3, 5, 6, 4, 6, 6, 3, 3, 4, 3]",10,6,216.8386
927,"[1, 2, 1, 6, 1, 2, 1, 1]","[64, 64, 64, 64, 64, 64, 64, 64]","[3, 4, 3, 4, 5, 6, 4, 5]",8,7,218.7166
928,"[1, 6, 3, 6, 5]","[144, 144, 144, 144, 144]","[4, 6, 5, 3, 6]",5,8,219.9874
929,"[1, 5, 2, 1, 2, 6]","[48, 48, 48, 48, 48, 48]","[6, 4, 3, 6, 3, 3]",6,9,207.0035
930,"[1, 4, 1, 2, 3]","[80, 80, 80, 80, 80]","[5, 4, 3, 3, 5]",5,10,209.8837
931,"[3, 5, 4, 5, 6]","[96, 96, 96, 96, 96]","[5, 4, 4, 3, 4]",5,11,215.7225
932,"[5, 4, 3, 3, 6, 6, 4, 2]","[144, 144, 144, 144, 144, 144, 144, 144]","[5, 5, 6, 3, 4, 6, 6, 5]",8,12,236.6966
933,"[1, 5, 1, 6, 3, 6]","[240, 240, 240, 240, 240, 240]","[4, 3, 5, 6, 5, 4]",6,13,233.3641
934,"[6, 1, 5, 5, 4]","[32, 32, 32, 32, 32]","[4, 6, 4, 5, 4]",5,14,198.6913
935,"[5, 5, 4, 4, 1, 5, 6, 4, 2]","[144, 144, 144, 144, 144, 144, 144, 144, 144]","[6, 3, 3, 3, 3, 4, 4, 5, 5]",9,15,240.2251
936,"[6, 2, 6, 3, 3, 6, 6, 3, 2]","[144, 144, 144, 144, 144, 144, 144, 144, 144]","[5, 5, 3, 3, 6, 6, 6, 4, 3]",9,16,240.1568
937,"[6, 3, 4, 5]","[176, 176, 176, 176]","[4, 6, 5, 6]",4,17,219.3136
938,"[5, 3, 1, 1, 3, 2, 5, 6, 2]","[112, 112, 112, 112, 112, 112, 112, 112, 112]","[3, 3, 4, 4, 6, 6, 3, 5, 3]",9,18,235.0283
939,"[4, 1, 1, 1, 6]","[144, 144, 144, 144, 144]","[6, 4, 6, 5, 3]",5,19,221.1396
940,"[5, 5, 3, 5, 2]","[96, 96, 96, 96, 96]","[4, 3, 3, 3, 5]",5,0,216.5452
941,"[4, 2, 4, 5, 5, 2, 3, 6, 4]","[64, 64, 64, 64, 64, 64, 64, 64, 64]","[4, 6, 4, 3, 4, 6, 5, 4, 5]",9,1,225.3834
942,"[3, 3, 1, 2, 3]","[64, 64, 64, 64, 64]","[6, 3, 4, 5, 6]",5,2,208.2344
943,"[4, 3, 5, 6, 2]","[112, 112, 112, 112, 112]","[3, 5, 3, 5, 6]",5,3,218.3586
944,"[5, 2, 6, 5, 2, 6, 1, 6, 1, 2]","[80, 80, 80, 80, 80, 80, 80, 80, 80, 80]","[3, 6, 5, 6, 6, 3, 3, 3, 4, 3]",10,4,232.4179
945,"[2, 2, 6, 4, 2, 1, 2]","[48, 48, 48, 48, 48, 48, 48]","[4, 3, 6, 4, 3, 5, 6]",7,5,212.3158
946,"[4, 6, 1, 4, 4, 3]","[240, 240, 240, 240, 240, 240]","[5, 5, 6, 5, 5, 6]",6,6,236.1406
947,"[1, 6, 5, 5, 5, 1]","[96, 96, 96, 96, 96, 96]","[6, 3, 4, 3, 5, 3]",6,7,218.8706
948,"[2, 4, 5, 2, 3, 1]","[80, 80, 80, 80, 80, 80]","[6, 5, 3, 3, 5, 3]",6,8,216.7544
949,"[2, 6, 3, 5, 6, 3]","[128, 128, 128, 128, 128, 128]","[4, 3, 6, 6, 5, 4]",6,9,224.8956
950,"[4, 4, 6, 1]","[160, 160, 160, 160]","[3, 4, 6, 5]",4,10,217.0439
951,"[4, 6, 6, 4, 1, 1]","[144, 144, 144, 144, 144, 144]","[3, 4, 5, 5, 4, 4]",6,11,228.0136
952,"[6, 1, 5, 3, 1, 1, 3]","[80, 80, 80, 80, 80, 80, 80]","[4, 3, 6, 6, 5, 6, 4]",7,12,222.4002
953,"[1, 6, 3, 4, 2, 6]","[128, 128, 128, 128, 128, 128]","[4, 4, 4, 5, 5, 5]",6,13,223.4238
954,"[2, 1, 3, 4, 2, 2]","[112, 112, 112, 112, 112, 112]","[6, 6, 4, 5, 3, 3]",6,14,221.3615
955,"[3, 5, 2, 1, 2, 6, 4, 6, 6]","[64, 64, 64, 64, 64, 64, 64, 64, 64]","[5, 6, 4, 5, 3, 5, 3, 5, 3]",9,15,224.7812
956,"[5, 5, 6, 5, 1, 4, 2, 4, 4, 2]","[176, 176, 176, 176, 176, 176, 176, 176, 176, 176]","[4, 4, 4, 6, 3, 4, 4, 6, 6, 5]",10,16,246.7496
957,"[4, 1, 5, 5, 5, 3, 1, 2, 4]","[128, 128, 128, 128, 128, 128, 128, 128, 128]","[3, 3, 6, 3, 4, 6, 4, 3, 4]",9,17,236.8578
958,"[5, 5, 5, 1, 2, 4, 3, 3, 5, 6]","[160, 160, 160, 160, 160, 160, 160, 160, 160, 160]","[5, 3, 4, 5, 4, 5, 4, 5, 5, 6]",10,18,244.9394
959,"[1, 3, 4, 6]","[112, 112, 112, 112]","[3, 4, 5, 4]",4,19,208.8503
960,"[5, 5, 3, 1, 5, 1, 2, 3, 5]","[112, 112, 112, 112, 112, 112, 112, 112, 112]","[4, 5, 4, 3, 5, 5, 5, 4, 3]",9,0,235.555
961,"[3, 1, 6, 1]","[96, 96, 96, 96]","[6, 3, 5, 3]",4,1,207.8615
962,"[3, 5, 5, 6, 2, 1, 6]","[160, 160, 160, 160, 160, 160, 160]","[4, 5, 5, 3, 5, 5, 6]",7,2,233.7901
963,"[3, 5, 2, 2, 4, 2, 3, 5, 1]","[80, 80, 80, 80, 80, 80, 80, 80, 80]","[3, 3, 3, 6, 4, 6, 3, 6, 6]",9,3,228.6975
964,"[6, 5, 4, 2]","[32, 32, 32, 32]","[5, 5, 4, 5]",4,4,193.1452
965,"[6, 5, 6, 1, 3, 4, 1, 2, 3, 1]","[240, 240, 240, 240, 240, 240, 240, 240, 240, 240]","[6, 6, 4, 5, 6, 4, 3, 4, 5, 4]",10,5,252.2049
966,"[4, 1, 2, 4, 5, 1, 1, 5, 2, 5]","[48, 48, 48, 48, 48, 48, 48, 48, 48, 48]","[4, 5, 4, 4, 3, 6, 6, 5, 5, 6]",10,6,222.3611
967,"[4, 4, 5, 4, 4, 5, 2]","[80, 80, 80, 80, 80, 80, 80]","[6, 6, 3, 6, 5, 3, 5]",7,7,222.7086
968,"[5, 3, 3, 3]","[96, 96, 96, 96]","[5, 4, 4, 4]",4,8,209.5116
969,"[5, 4, 1, 1, 4, 2, 6, 4]","[112, 112, 112, 112, 112, 112, 112, 112]","[5, 3, 5, 3, 6, 3, 3, 5]",8,9,231.9199
970,"[3, 2, 3, 1]","[144, 144, 144, 144]","[5, 5, 5, 6]",4,10,214.1773
971,"[3, 2, 2, 6, 5]","[96, 96, 96, 96, 96]","[5, 3, 4, 5, 6]",5,11,215.0096
972,"[6, 1, 3, 2, 4, 1, 6, 4, 1, 5]","[192, 192, 192, 192, 192, 192, 192, 192, 192, 192]","[5, 4, 4, 3, 5, 3, 5, 3, 3, 3]",10,12,247.4255
973,"[2, 1, 2, 6, 1]","[144, 144, 144, 144, 144]","[3, 6, 3, 3, 6]",5,13,220.0237
974,"[4, 1, 4, 2, 4, 6, 1, 6, 5, 4]","[96, 96, 96, 96, 96, 96, 96, 96, 96, 96]","[5, 5, 6, 3, 5, 6, 6, 4, 4, 3]",10,14,234.7712
975,"[1, 3, 1, 3, 4, 5]","[96, 96, 96, 96, 96, 96]","[4, 4, 4, 3, 6, 4]",6,15,218.0803
976,"[5, 2, 2, 6, 5, 5]","[64, 64, 64, 64, 64, 64]","[3, 4, 4, 4, 4, 4]",6,16,214.7724
977,"[2, 4, 5, 4, 5, 3, 2, 1]","[240, 240, 240, 240, 240, 240, 240, 240]","[6, 4, 5, 3, 6, 3, 3, 5]",8,17,243.5786
978,"[5, 2, 6, 1, 1]","[32, 32, 32, 32, 32]","[3, 5, 6, 5, 3]",5,18,198.1364
979,"[1, 1, 3, 3]","[80, 80, 80, 80]","[5, 5, 3, 3]",4,19,202.8606
980,"[3, 5, 6, 5, 1, 4]","[192, 192, 192, 192, 192, 192]","[4, 3, 5, 3, 3, 4]",6,0,232.2077
981,"[2, 1, 4, 1, 3, 1, 3, 6]","[48, 48, 48, 48, 48, 48, 48, 48]","[5, 3, 6, 3, 5, 6, 5, 6]",8,1,215.1006
982,"[5, 5, 3, 3, 3, 3, 4, 5, 6, 2]","[64, 64, 64, 64, 64, 64, 64, 64, 64, 64]","[4, 6, 6, 6, 6, 6, 5, 3, 4, 4]",10,2,228.9462
983,"[1, 5, 6, 4, 3, 5, 4, 2]","[64, 64, 64, 64, 64, 64, 64, 64]","[4, 5, 5, 5, 4, 6, 5, 5]",8,3,219.9712
984,"[3, 1, 1, 2]","[240, 240, 240, 240]","[5, 4, 3, 3]",4,4,221.5185
985,"[1, 6, 1, 1, 4]","[240, 240, 240, 240, 240]","[5, 3, 3, 5, 5]",5,5,227.4462
986,"[1, 2, 5, 6, 4, 3, 1]","[144, 144, 144, 144, 144, 144, 144]","[5, 3, 6, 4, 4, 6, 5]",7,6,229.297
987,"[6, 4, 1, 4, 2, 3, 5, 6, 4]","[32, 32, 32, 32, 32, 32, 32, 32, 32]","[4, 5, 5, 3, 6, 4, 5, 3, 3]",9,7,214.1968
988,"[3, 1, 3, 5, 4, 4, 1, 5, 5, 1]","[128, 128, 128, 128, 128, 128, 128, 128, 128, 128]","[3, 6, 3, 6, 4, 4, 3, 3, 6, 4]",10,8,239.122
989,"[3, 3, 6, 5, 1, 4]","[48, 48, 48, 48, 48, 48]","[4, 5, 3, 4, 4, 5]",6,9,209.2639
990,"[6, 4, 1, 5, 6, 1, 6]","[160, 160, 160, 160, 160, 160, 160]","[5, 5, 3, 4, 4, 5, 4]",7,10,234.7231
991,"[1, 6, 4, 5, 1, 6, 3, 6]","[144, 144, 144, 144, 144, 144, 144, 144]","[4, 4, 5, 5, 6, 5, 3, 4]",8,11,233.781
992,"[1, 6, 3, 6, 6]","[80, 80, 80, 80, 80]","[4, 4, 4, 3, 4]",5,12,210.7047
993,"[1, 1, 6, 4, 4, 5, 6, 1]","[32, 32, 32, 32, 32, 32, 32, 32]","[3, 6, 6, 4, 4, 4, 6, 4]",8,13,207.2139
994,"[5, 4, 4, 4, 3, 6, 5, 4]","[96, 96, 96, 96, 96, 96, 96, 96]","[3, 4, 3, 5, 3, 3, 5, 5]",8,14,230.0478
995,"[1, 6, 6, 3, 1]","[96, 96, 96, 96, 96]","[6, 4, 6, 4, 5]",5,15,213.4447
996,"[5, 6, 5, 5, 5, 5, 2, 5, 2, 2]","[176, 176, 176, 176, 176, 176, 176, 176, 176, 176]","[3, 4, 4, 4, 6, 4, 5, 6, 6, 3]",10,16,246.9895
997,"[5, 1, 5, 3]","[96, 96, 96, 96]","[5, 3, 4, 6]",4,17,209.0069
998,"[4, 1, 1, 2, 1, 5, 2, 1, 1]","[240, 240, 240, 240, 240, 240, 240, 240, 240]","[3, 3, 3, 4, 3, 6, 3, 6, 5]",9,18,246.8756
999,"[3, 2, 2, 3]","[80, 80, 80, 80]","[6, 3, 3, 5]",4,19,205.2772
1000,"[4, 5, 4, 3, 6, 6, 2, 1]","[96, 96, 96, 96, 96, 96, 96, 96]","[4, 3, 5, 5, 6, 6, 6, 4]",8,0,229.5919
1001,"[5, 5, 3, 6, 5, 5, 1]","[192, 192, 192, 192, 192, 192, 192]","[4, 6, 6, 6, 5, 5, 5]",7,1,237.8336
1002,"[1, 3, 2, 6, 3]","[192, 192, 192, 192, 192]","[5, 6, 5, 4, 4]",5,2,223.9577
1003,"[4, 5, 3, 1, 1]","[48, 48, 48, 48, 48]","[3, 4, 5, 6, 4]",5,3,204.7221
1004,"[2, 5, 6, 2, 5, 2, 3]","[176, 176, 176, 176, 176, 176, 176]","[6, 6, 6, 4, 3, 3, 5]",7,4,234.504
1005,"[1, 6, 4, 4, 5, 3]","[48, 48, 48, 48, 48, 48]","[4, 6, 4, 4, 5, 4]",6,5,207.5782
1006,"[6, 3, 5, 5, 3, 4, 4, 5, 4, 3]","[128, 128, 128, 128, 128, 128, 128, 128, 128, 128]","[3, 3, 3, 6, 5, 4, 6, 6, 5, 4]",10,6,241.4059
1007,"[5, 5, 2, 4]","[112, 112, 112, 112]","[3, 4, 3, 5]",4,7,212.1092
1008,"[5, 6, 4, 3, 2, 4]","[80, 80, 80, 80, 80, 80]","[4, 3, 4, 4, 6, 4]",6,8,218.9501
1009,"[5, 4, 1, 2, 2]","[160, 160, 160, 160, 160]","[6, 3, 4, 5, 5]",5,9,223.99
1010,"[6, 2, 6, 1]","[112, 112, 112, 112]","[4, 3, 3, 4]",4,10,212.0001
1011,"[6, 4, 6, 4, 3, 2, 6]","[176, 176, 176, 176, 176, 176, 176]","[5, 6, 6, 6, 4, 5, 4]",7,11,236.6956
1012,"[2, 3, 1, 4, 3]","[176, 176, 176, 176, 176]","[6, 6, 3, 6, 5]",5,12,223.6849
1013,"[4, 1, 6, 1, 3]","[112, 112, 112, 112, 112]","[5, 4, 5, 6, 5]",5,13,217.5117
1014,"[5, 4, 5, 4, 1, 2, 6, 2]","[240, 240, 240, 240, 240, 240, 240, 240]","[4, 3, 5, 4, 3, 6, 6, 3]",8,14,245.3039
1015,"[2, 1, 4, 5, 1, 2]","[96, 96, 96, 96, 96, 96]","[6, 5, 4, 6, 5, 6]",6,15,218.997
1016,"[1, 1, 1, 3, 1, 2, 6, 6]","[128, 128, 128, 128, 128, 128, 128, 128]","[5, 3, 5, 3, 6, 6, 3, 3]",8,16,230.1685
1017,"[3, 2, 6, 2, 3, 1, 1, 3]","[176, 176, 176, 176, 176, 176, 176, 176]","[6, 3, 5, 4, 5, 6, 3, 6]",8,17,238.4742
1018,"[6, 2, 1, 6, 1, 4]","[64, 64, 64, 64, 64, 64]","[4, 5, 3, 5, 5, 6]",6,18,214.6201
1019,"[3, 5, 6, 5]","[48, 48, 48, 48]","[4, 6, 5, 3]",4,19,198.4568
1020,"[2, 4, 5, 6, 4, 5, 1, 4]","[80, 80, 80, 80, 80, 80, 80, 80]","[5, 3, 5, 4, 5, 4, 6, 6]",8,0,225.1014
1021,"[1, 4, 6, 3, 4, 2, 3, 3, 2, 1]","[176, 176, 176, 176, 176, 176, 176, 176, 176, 176]","[4, 4, 4, 5, 4, 5, 3, 6, 4, 5]",10,1,243.3497
1022,"[6, 5, 5, 6]","[240, 240, 240, 240]","[4, 6, 4, 6]",4,2,224.4639
1023,"[4, 2, 3, 3, 5, 3, 5, 4]","[144, 144, 144, 144, 144, 144, 144, 144]","[4, 6, 5, 3, 4, 4, 3, 6]",8,3,235.9109
1024,"[1, 6, 5, 4, 6]","[144, 144, 144, 144, 144]","[3, 6, 5, 4, 3]",5,4,220.0772
1025,"[4, 6, 3, 6, 3, 1]","[64, 64, 64, 64, 64, 64]","[3, 6, 6, 3, 3, 3]",6,5,214.7149
1026,"[6, 5, 1, 4, 3, 3, 2, 3, 4, 4]","[144, 144, 144, 144, 144, 144, 144, 144, 144, 144]","[6, 6, 5, 5, 5, 4, 6, 3, 6, 5]",10,6,243.2165
1027,"[6, 1, 2, 6]","[176, 176, 176, 176]","[3, 5, 5, 4]",4,7,218.5078
1028,"[6, 6, 6, 6, 4]","[64, 64, 64, 64, 64]","[3, 6, 3, 4, 5]",5,8,210.7608
1029,"[1, 6, 1, 6, 4, 6, 5, 1, 3]","[80, 80, 80, 80, 80, 80, 80, 80, 80]","[3, 4, 3, 5, 6, 3, 3, 4, 3]",9,9,226.7553
1030,"[1, 6, 3, 2, 3, 2]","[176, 176, 176, 176, 176, 176]","[3, 6, 6, 3, 3, 6]",6,10,228.3734
1031,"[5, 1, 1, 5, 5, 5, 4, 6]","[128, 128, 128, 128, 128, 128, 128, 128]","[3, 5, 4, 6, 5, 3, 3, 4]",8,11,233.7559
1032,"[2, 6, 4, 2, 6, 6, 5, 3]","[32, 32, 32, 32, 32, 32, 32, 32]","[5, 5, 3, 3, 3, 4, 3, 6]",8,12,209.5306
1033,"[1, 3, 3, 3, 4, 6]","[176, 176, 176, 176, 176, 176]","[3, 5, 5, 5, 5, 3]",6,13,228.2037
1034,"[2, 6, 3, 3, 2]","[64, 64, 64, 64, 64]","[6, 5, 3, 6, 6]",5,14,208.0554
1035,"[5, 3, 5, 2, 6, 4, 4, 2, 6, 2]","[160, 160, 160, 160, 160, 160, 160, 160, 160, 160]","[5, 6, 5, 3, 4, 4, 5, 4, 3, 4]",10,15,244.819
1036,"[6, 6, 5, 5]","[176, 176, 176, 176]","[3, 3, 5, 6]",4,16,219.7543
1037,"[5, 2, 6, 2]","[96, 96, 96, 96]","[6, 3, 5, 3]",4,17,209.4098
1038,"[2, 5, 1, 6, 1, 6, 2, 1, 2, 4]","[176, 176, 176, 176, 176, 176, 176, 176, 176, 176]","[4, 4, 3, 4, 3, 3, 5, 5, 4, 4]",10,18,244.4045
1039,"[2, 3, 1, 6]","[240, 240, 240, 240]","[3, 6, 3, 4]",4,19,221.5383
1040,"[5, 5, 5, 1, 6]","[192, 192, 192, 192, 192]","[4, 4, 4, 5, 5]",5,0,227.5159
1041,"[5, 2, 6, 6, 1, 3, 6, 4]","[64, 64, 64, 64, 64, 64, 64, 64]","[5, 5, 6, 6, 6, 6, 3, 3]",8,1,222.4932
1042,"[1, 2, 1, 5, 6, 5, 1, 1]","[240, 240, 240, 240, 240, 240, 240, 240]","[6, 5, 3, 5, 6, 6, 6, 4]",8,2,241.4079
1043,"[1, 6, 6, 4, 4, 2, 3, 4]","[176, 176, 176, 176, 176, 176, 176, 176]","[6, 5, 3, 6, 4, 3, 5, 4]",8,3,237.2601
1044,"[4, 3, 3, 1, 3, 3, 2]","[64, 64, 64, 64, 64, 64, 64]","[6, 5, 5, 6, 6, 4, 6]",7,4,218.1993
1045,"[3, 1, 4, 3, 2, 6, 5]","[144, 144, 144, 144, 144, 144, 144]","[3, 5, 4, 5, 4, 5, 4]",7,5,231.0415
1046,"[6, 3, 1, 3, 3, 1, 1]","[32, 32, 32, 32, 32, 32, 32]","[3, 6, 5, 3, 6, 3, 3]",7,6,207.1966
1047,"[1, 6, 3, 3]","[80, 80, 80, 80]","[3, 5, 3, 5]",4,7,203.8611
1048,"[4, 2, 3, 5, 5, 6, 6, 6, 5]","[240, 240, 240, 240, 240, 240, 240, 240, 240]","[3, 5, 3, 5, 6, 3, 6, 4, 5]",9,8,248.2866
1049,"[4, 6, 4, 3, 1]","[176, 176, 176, 176, 176]","[5, 6, 5, 6, 4]",5,9,225.6699
1050,"[4, 3, 4, 3]","[32, 32, 32, 32]","[6, 5, 4, 6]",4,10,192.0945
1051,"[3, 2, 2, 6, 3, 2]","[240, 240, 240, 240, 240, 240]","[6, 5, 4, 3, 6, 6]",6,11,235.106
1052,"[4, 1, 6, 3, 5, 6, 5]","[240, 240, 240, 240, 240, 240, 240]","[4, 3, 3, 5, 4, 5, 4]",7,12,240.3715
1053,"[5, 2, 5, 4, 5, 3, 2, 5, 5]","[112, 112, 112, 112, 112, 112, 112, 112, 112]","[3, 4, 6, 3, 3, 4, 3, 6, 3]",9,13,235.5452
1054,"[4, 1, 3, 2, 2, 6, 5, 6, 1]","[176, 176, 176, 176, 176, 176, 176, 176, 176]","[6, 6, 4, 3, 4, 6, 4, 5, 3]",9,14,242.1284
1055,"[3, 3, 3, 5, 5, 5, 2, 3, 4]","[160, 160, 160, 160, 160, 160, 160, 160, 160]","[4, 3, 3, 5, 4, 6, 6, 4, 3]",9,15,240.8028
1056,"[6, 3, 2, 1, 4, 4, 4, 1, 1, 3]","[240, 240, 240, 240, 240, 240, 240, 240, 240, 240]","[4, 3, 4, 5, 4, 3, 5, 4, 6, 4]",10,16,251.7096
1057,"[6, 6, 5, 1, 4]","[80, 80, 80, 80, 80]","[3, 5, 3, 5, 5]",5,17,214.0119
1058,"[4, 3, 6, 4, 4, 6, 4, 1, 6]","[144, 144, 144, 144, 144, 144, 144, 144, 144]","[3, 5, 3, 6, 4, 6, 4, 5, 5]",9,18,239.6801
1059,"[2, 6, 5, 1, 1, 1, 3, 2, 1]","[112, 112, 112, 112, 112, 112, 112, 112, 112]","[4, 6, 6, 3, 3, 3, 5, 4, 4]",9,19,233.6246
1060,"[6, 5, 6, 1, 1, 3, 6, 6, 5]","[32, 32, 32, 32, 32, 32, 32, 32, 32]","[5, 3, 3, 4, 4, 6, 4, 3, 5]",9,0,214.4015
1061,"[1, 4, 6, 5, 5, 1, 4]","[80, 80, 80, 80, 80, 80, 80]","[4, 4, 5, 3, 5, 3, 3]",7,1,220.0345
1062,"[4, 3, 1, 2, 2, 3]","[160, 160, 160, 160, 160, 160]","[5, 5, 3, 5, 3, 6]",6,2,228.9359
1063,"[3, 6, 1, 3, 6, 1, 3, 4, 1, 1]","[112, 112, 112, 112, 112, 112, 112, 112, 112, 112]","[6, 4, 3, 5, 6, 6, 5, 4, 3, 4]",10,3,237.3198
1064,"[3, 2, 5, 3]","[176, 176, 176, 176]","[4, 3, 5, 4]",4,4,217.6672
1065,"[4, 5, 5, 6, 6]","[128, 128, 128, 128, 128]","[4, 5, 6, 5, 6]",5,5,220.9216
1066,"[2, 4, 5, 4, 2, 1, 1, 5, 5]","[112, 112, 112, 112, 112, 112, 112, 112, 112]","[4, 3, 6, 5, 4, 5, 6, 4, 3]",9,6,233.8318
1067,"[2, 1, 5, 4, 5, 5]","[144, 144, 144, 144, 144, 144]","[3, 3, 4, 4, 3, 6]",6,7,225.9208
1068,"[3, 1, 1, 4, 5, 1, 2, 1, 5]","[144, 144, 144, 144, 144, 144, 144, 144, 144]","[6, 5, 3, 6, 5, 5, 6, 5, 6]",9,8,237.7537
1069,"[4, 2, 5, 3, 5]","[192, 192, 192, 192, 192]","[6, 6, 4, 3, 3]",5,9,226.709
1070,"[1, 5, 6, 2]","[128, 128, 128, 128]","[5, 3, 4, 4]",4,10,211.0611
1071,"[6, 3, 2, 1]","[144, 144, 144, 144]","[3, 6, 3, 4]",4,11,215.7957
1072,"[5, 3, 3, 4, 5, 6]","[176, 176, 176, 176, 176, 176]","[5, 4, 5, 4, 3, 5]",6,12,231.525
1073,"[3, 1, 6, 2, 4, 2, 3]","[128, 128, 128, 128, 128, 128, 128]","[4, 3, 4, 5, 3, 5, 6]",7,13,229.079
1074,"[5, 5, 6, 3, 6, 4, 2, 6, 4]","[96, 96, 96, 96, 96, 96, 96, 96, 96]","[5, 6, 4, 4, 4, 3, 3, 5, 4]",9,14,233.4975
1075,"[5, 2, 3, 1, 4, 2, 2, 6]","[176, 176, 176, 176, 176, 176, 176, 176]","[6, 5, 6, 3, 6, 4, 4, 5]",8,15,239.409
1076,"[4, 5, 5, 4, 2, 3, 4]","[48, 48, 48, 48, 48, 48, 48]","[6, 5, 3, 6, 5, 5, 5]",7,16,214.2548
1077,"[2, 5, 3, 1]","[240, 240, 240, 240]","[5, 5, 4, 6]",4,17,221.8187
1078,"[1, 4, 3, 2, 6]","[144, 144, 144, 144, 144]","[6, 4, 4, 5, 4]",5,18,219.5884
1079,"[6, 1, 6, 3, 2]","[48, 48, 48, 48, 48]","[4, 6, 6, 3, 3]",5,19,205.0843
1080,"[2, 6, 1, 2, 4, 5, 5, 5, 4, 1]","[192, 192, 192, 192, 192, 192, 192, 192, 192, 192]","[3, 4, 4, 4, 5, 5, 4, 3, 4, 3]",10,0,246.164
1081,"[1, 2, 3, 6, 2, 3, 6, 4, 6, 2]","[192, 192, 192, 192, 192, 192, 192, 192, 192, 192]","[5, 5, 5, 5, 4, 3, 6, 3, 3, 5]",10,1,244.5015
1082,"[1, 4, 1, 5, 5, 5, 3, 6]","[80, 80, 80, 80, 80, 80, 80, 80]","[4, 5, 4, 6, 4, 3, 4, 4]",8,2,223.4313
1083,"[2, 3, 5, 1, 1, 2, 5]","[48, 48, 48, 48, 48, 48, 48]","[3, 5, 6, 5, 3, 6, 6]",7,3,212.2198
1084,"[5, 1, 1, 5]","[144, 144, 144, 144]","[3, 6, 4, 5]",4,4,214.8811
1085,"[1, 2, 1, 4, 4]","[96, 96, 96, 96, 96]","[6, 6, 3, 6, 5]",5,5,212.5522
1086,"[2, 6, 2, 3]","[48, 48, 48, 48]","[5, 6, 5, 6]",4,6,197.2304
1087,"[3, 1, 3, 1, 5, 2, 3]","[32, 32, 32, 32, 32, 32, 32]","[3, 6, 6, 4, 5, 5, 5]",7,7,205.5334
1088,"[6, 3, 1, 4]","[112, 112, 112, 112]","[6, 3, 3, 3]",4,8,211.9214
1089,"[5, 1, 6, 1, 4, 3, 3, 6, 2]","[192, 192, 192, 192, 192, 192, 192, 192, 192]","[3, 6, 5, 3, 5, 3, 3, 6, 3]",9,9,244.1906
1090,"[5, 2, 5, 5, 2, 4, 4, 2, 5, 6]","[160, 160, 160, 160, 160, 160, 160, 160, 160, 160]","[3, 6, 5, 5, 6, 6, 5, 6, 5, 6]",10,10,244.6303
1091,"[1, 3, 6, 5, 3, 4, 1, 5, 6]","[240, 240, 240, 240, 240, 240, 240, 240, 240]","[4, 6, 3, 4, 6, 5, 6, 5, 3]",9,11,245.671
1092,"[2, 4, 1, 5, 3, 2, 3, 2, 1, 5]","[32, 32, 32, 32, 32, 32, 32, 32, 32, 32]","[3, 3, 5, 3, 4, 3, 5, 6, 4, 6]",10,12,214.3792
1093,"[1, 3, 1, 4]","[240, 240, 240, 240]","[3, 6, 4, 4]",4,13,220.0765
1094,"[2, 1, 1, 1]","[128, 128, 128, 128]","[5, 5, 5, 3]",4,14,210.8826
1095,"[1, 6, 6, 2, 4]","[128, 128, 128, 128, 128]","[5, 5, 5, 4, 4]",5,15,218.0152
1096,"[5, 5, 6, 5]","[112, 112, 112, 112]","[5, 6, 3, 6]",4,16,212.3652
1097,"[2, 5, 3, 2, 1, 2, 1, 1, 2, 3]","[176, 176, 176, 176, 176, 176, 176, 176, 176, 176]","[4, 4, 6, 4, 5, 4, 5, 4, 3, 5]",10,17,244.321
1098,"[3, 2, 5, 3, 2, 6, 3, 4]","[32, 32, 32, 32, 32, 32, 32, 32]","[4, 3, 6, 5, 3, 4, 6, 4]",8,18,209.7971
1099,"[2, 6, 1, 2, 4, 2, 1, 5, 5]","[192, 192, 192, 192, 192, 192, 192, 192, 192]","[5, 5, 3, 4, 5, 3, 6, 5, 4]",9,19,242.9216
1100,"[6, 1, 5, 6, 4, 1]","[240, 240, 240, 240, 240, 240]","[5, 5, 4, 4, 3, 4]",6,0,236.2981
1101,"[3, 2, 2, 4, 5, 4]","[112, 112, 112, 112, 112, 112]","[3, 6, 4, 5, 6, 4]",6,1,222.7047
1102,"[6, 5, 2, 1, 4, 3, 6]","[160, 160, 160, 160, 160, 160, 160]","[5, 6, 3, 5, 5, 6, 5]",7,2,234.7772
1103,"[3, 3, 3, 2, 3, 1, 4, 4, 6]","[32, 32, 32, 32, 32, 32, 32, 32, 32]","[5, 4, 4, 5, 6, 6, 5, 4, 3]",9,3,212.7169
1104,"[4, 4, 6, 4, 1]","[64, 64, 64, 64, 64]","[3, 4, 5, 5, 3]",5,4,209.5388
1105,"[5, 1, 4, 4]","[160, 160, 160, 160]","[4, 3, 3, 5]",4,5,216.8231
1106,"[1, 1, 1, 2, 1, 5, 1, 5, 4, 4]","[144, 144, 144, 144, 144, 144, 144, 144, 144, 144]","[4, 4, 6, 5, 3, 4, 5, 3, 3, 3]",10,6,238.4751
1107,"[6, 5, 3, 4, 5, 3, 1, 6, 5, 5]","[48, 48, 48, 48, 48, 48, 48, 48, 48, 48]","[5, 6, 5, 4, 6, 6, 3, 3, 4, 3]",10,7,224.3533
1108,"[5, 5, 5, 2]","[240, 240, 240, 240]","[4, 5, 3, 3]",4,8,223.9079
1109,"[1, 3, 4, 2, 5]","[32, 32, 32, 32, 32]","[5, 6, 6, 5, 5]",5,9,195.3507
1110,"[6, 6, 1, 1]","[64, 64, 64, 64]","[3, 4, 3, 4]",4,10,203.5802
1111,"[2, 5, 6, 4, 4, 4, 2, 2, 3]","[160, 160, 160, 160, 160, 160, 160, 160, 160]","[3, 3, 3, 4, 3, 6, 5, 5, 3]",9,11,240.3248
1112,"[4, 2, 5, 5, 6, 5, 4, 3]","[112, 112, 112, 112, 112, 112, 112, 112]","[4, 4, 3, 3, 6, 6, 4, 6]",8,12,231.9252
1113,"[2, 5, 6, 2, 1, 6, 1, 4, 3, 3]","[128, 128, 128, 128, 128, 128, 128, 128, 128, 128]","[6, 4, 4, 5, 6, 3, 6, 3, 3, 4]",10,13,239.1733
1114,"[2, 4, 2, 2, 6, 5, 1]","[192, 192, 192, 192, 192, 192, 192]","[4, 6, 5, 3, 3, 6, 6]",7,14,235.5977
1115,"[5, 1, 1, 6, 4, 2, 2, 2, 4]","[160, 160, 160, 160, 160, 160, 160, 160, 160]","[6, 4, 4, 6, 5, 5, 4, 6, 4]",9,15,240.7277
1116,"[2, 6, 5, 2, 1, 5, 2, 1, 4, 4]","[48, 48, 48, 48, 48, 48, 48, 48, 48, 48]","[5, 4, 4, 5, 6, 3, 5, 6, 6, 3]",10,16,222.0246
1117,"[1, 1, 5, 3, 5, 3, 1, 4, 6, 5]","[32, 32, 32, 32, 32, 32, 32, 32, 32, 32]","[4, 4, 3, 3, 4, 3, 6, 6, 4, 4]",10,17,212.924
1118,"[6, 1, 3, 2, 4]","[240, 240, 240, 240, 240]","[5, 3, 3, 3, 3]",5,18,230.405
1119,"[4, 5, 5, 5]","[64, 64, 64, 64]","[3, 5, 5, 4]",4,19,203.2585
1120,"[3, 2, 1, 2, 2, 2, 3, 3]","[176, 176, 176, 176, 176, 176, 176, 176]","[5, 3, 6, 3, 3, 5, 4, 6]",8,0,238.1131
1121,"[2, 3, 3, 6, 2]","[176, 176, 176, 176, 176]","[5, 5, 4, 5, 5]",5,1,224.0225
1122,"[1, 4, 1, 2, 6, 4, 2, 6, 2]","[64, 64, 64, 64, 64, 64, 64, 64, 64]","[5, 6, 4, 3, 6, 6, 5, 4, 5]",9,2,222.3551
1123,"[6, 6, 5, 3, 4, 1]","[32, 32, 32, 32, 32, 32]","[4, 5, 5, 4, 6, 3]",6,3,204.3141
1124,"[3, 4, 4, 6, 2, 1]","[48, 48, 48, 48, 48, 48]","[3, 4, 3, 3, 6, 6]",6,4,209.4061
1125,"[6, 1, 3, 2, 3, 5, 1, 1, 3]","[144, 144, 144, 144, 144, 144, 144, 144, 144]","[3, 4, 4, 6, 4, 4, 5, 3, 5]",9,5,239.3646
1126,"[2, 4, 2, 6, 6, 5, 4, 2, 5]","[240, 240, 240, 240, 240, 240, 240, 240, 240]","[4, 3, 3, 3, 4, 3, 4, 6, 5]",9,6,247.1195
1127,"[2, 5, 6, 2, 3, 3, 4]","[192, 192, 192, 192, 192, 192, 192]","[6, 3, 3, 4, 6, 3, 4]",7,7,236.002
1128,"[1, 2, 3, 2, 6, 5, 1, 4]","[176, 176, 176, 176, 176, 176, 176, 176]","[6, 6, 4, 3, 6, 4, 4, 3]",8,8,236.3612
1129,"[6, 4, 1, 6, 4, 1]","[32, 32, 32, 32, 32, 32]","[6, 3, 6, 3, 6, 3]",6,9,203.6276
1130,"[1, 4, 4, 4, 6, 6]","[240, 240, 240, 240, 240, 240]","[6, 3, 3, 4, 6, 3]",6,10,233.6245
1131,"[5, 4, 1, 4]","[80, 80, 80, 80]","[5, 3, 6, 5]",4,11,206.6189
1132,"[2, 3, 5, 1, 5]","[32, 32, 32, 32, 32]","[3, 3, 3, 5, 3]",5,12,196.6967
1133,"[4, 4, 4, 4, 5, 3, 6]","[144, 144, 144, 144, 144, 144, 144]","[5, 4, 5, 5, 4, 5, 4]",7,13,232.5118
1134,"[1, 1, 2, 6, 2, 6]","[96, 96, 96, 96, 96, 96]","[3, 3, 5, 3, 6, 5]",6,14,217.6713
1135,"[4, 3, 2, 1, 5, 2, 2, 5, 1, 5]","[32, 32, 32, 32, 32, 32, 32, 32, 32, 32]","[6, 4, 6, 5, 6, 6, 3, 3, 5, 6]",10,15,215.6722
1136,"[2, 6, 1, 3, 3]","[96, 96, 96, 96, 96]","[5, 4, 4, 4, 6]",5,16,214.4698
1137,"[3, 1, 5, 5, 2, 1, 5, 4, 2]","[48, 48, 48, 48, 48, 48, 48, 48, 48]","[4, 4, 6, 6, 6, 4, 4, 5, 6]",9,17,219.4139
1138,"[6, 2, 1, 1, 2]","[144, 144, 144, 144, 144]","[6, 6, 5, 6, 6]",5,18,222.2061
1139,"[2, 1, 1, 3, 4, 2, 4, 4, 2]","[160, 160, 160, 160, 160, 160, 160, 160, 160]","[6, 5, 6, 4, 3, 6, 6, 6, 5]",9,19,238.829
1140,"[1, 4, 5, 1, 1, 4, 2, 1, 1]","[144, 144, 144, 144, 144, 144, 144, 144, 144]","[6, 3, 4, 4, 4, 5, 6, 6, 6]",9,0,236.431
1141,"[3, 5, 6, 3, 1, 6]","[64, 64, 64, 64, 64, 64]","[4, 3, 4, 6, 6, 6]",6,1,214.2492
1142,"[1, 2, 3, 5]","[96, 96, 96, 96]","[5, 3, 4, 4]",4,2,206.1508
1143,"[3, 3, 3, 3]","[80, 80, 80, 80]","[4, 3, 6, 3]",4,3,205.666
1144,"[3, 1, 4, 3, 4]","[112, 112, 112, 112, 112]","[3, 5, 4, 3, 3]",5,4,217.0582
1145,"[4, 6, 4, 3, 4, 2]","[112, 112, 112, 112, 112, 112]","[6, 4, 3, 4, 3, 3]",6,5,223.9649
1146,"[2, 2, 6, 5, 6, 2, 3, 2]","[128, 128, 128, 128, 128, 128, 128, 128]","[5, 3, 4, 3, 6, 6, 3, 3]",8,6,232.6329
1147,"[1, 6, 4, 2, 6]","[192, 192, 192, 192, 192]","[5, 6, 6, 5, 6]",5,7,224.4465
1148,"[4, 3, 6, 6, 2]","[192, 192, 192, 192, 192]","[3, 5, 3, 4, 3]",5,8,226.9816
1149,"[1, 6, 3, 1, 1, 1, 5, 4]","[240, 240, 240, 240, 240, 240, 240, 240]","[4, 5, 4, 4, 6, 3, 5, 5]",8,9,241.9025
1150,"[5, 3, 5, 2, 1, 5, 5, 6, 5, 1]","[176, 176, 176, 176, 176, 176, 176, 176, 176, 176]","[6, 6, 6, 4, 3, 3, 3, 6, 4, 6]",10,10,246.3056
1151,"[3, 5, 1, 4, 2, 6, 1]","[160, 160, 160, 160, 160, 160, 160]","[4, 6, 5, 5, 5, 3, 6]",7,11,233.2804
1152,"[4, 4, 3, 3, 3, 3, 1, 3, 3, 4]","[32, 32, 32, 32, 32, 32, 32, 32, 32, 32]","[5, 5, 4, 6, 4, 3, 5, 3, 4, 6]",10,12,216.0263
1153,"[4, 3, 3, 5, 3]","[144, 144, 144, 144, 144]","[6, 3, 3, 5, 6]",5,13,222.2668
1154,"[4, 3, 5, 2, 5, 5]","[48, 48, 48, 48, 48, 48]","[4, 4, 5, 3, 4, 3]",6,14,209.9409
1155,"[6, 1, 4, 3, 6, 4, 4, 5]","[64, 64, 64, 64, 64, 64, 64, 64]","[6, 4, 4, 4, 5, 5, 3, 6]",8,15,222.6002
1156,"[3, 6, 4, 1, 2, 4]","[176, 176, 176, 176, 176, 176]","[6, 3, 6, 4, 6, 3]",6,16,230.555
1157,"[1, 5, 3, 3, 4, 5, 3, 5, 5, 6]","[144, 144, 144, 144, 144, 144, 144, 144, 144, 144]","[5, 4, 5, 6, 4, 5, 4, 4, 5, 6]",10,17,240.0256
1158,"[5, 1, 3, 5, 2, 6, 1]","[176, 176, 176, 176, 176, 176, 176]","[4, 3, 3, 5, 6, 3, 3]",7,18,235.294
1159,"[4, 6, 5, 2, 4]","[240, 240, 240, 240, 240]","[5, 3, 5, 5, 5]",5,19,230.7739
1160,"[1, 3, 4, 4, 3, 4, 6, 5, 1]","[80, 80, 80, 80, 80, 80, 80, 80, 80]","[5, 5, 3, 5, 3, 4, 3, 4, 4]",9,0,226.6926
1161,"[3, 4, 1, 4, 1, 3]","[32, 32, 32, 32, 32, 32]","[6, 4, 3, 4, 5, 5]",6,1,202.2058
1162,"[5, 5, 1, 5]","[176, 176, 176, 176]","[3, 4, 4, 3]",4,2,218.8703
1163,"[6, 2, 5, 4, 6]","[192, 192, 192, 192, 192]","[6, 4, 4, 5, 5]",5,3,227.5892
1164,"[5, 4, 5, 1, 1, 3]","[112, 112, 112, 112, 112, 112]","[5, 4, 4, 6, 4, 4]",6,4,223.9372
1165,"[1, 5, 3, 3, 4, 3, 6]","[48, 48, 48, 48, 48, 48, 48]","[4, 5, 6, 3, 3, 3, 6]",7,5,211.4273
1166,"[1, 6, 5, 4, 5, 3, 1]","[64, 64, 64, 64, 64, 64, 64]","[4, 5, 6, 4, 5, 6, 3]",7,6,216.3505
1167,"[2, 6, 3, 2, 6, 3, 4, 4, 3, 5]","[160, 160, 160, 160, 160, 160, 160, 160, 160, 160]","[3, 3, 4, 3, 3, 3, 6, 3, 3, 3]",10,7,243.2943
1168,"[3, 2, 5, 3, 3, 3, 3, 2, 2, 3]","[48, 48, 48, 48, 48, 48, 48, 48, 48, 48]","[5, 5, 3, 6, 4, 5, 5, 5, 5, 6]",10,8,222.2892
1169,"[6, 3, 5, 6]","[48, 48, 48, 48]","[4, 6, 6, 3]",4,9,199.5428
1170,"[3, 5, 5, 6, 3, 5]","[32, 32, 32, 32, 32, 32]","[5, 3, 4, 4, 4, 4]",6,10,202.9833
1171,"[3, 1, 3, 4, 3, 6, 5, 6, 2, 6]","[240, 240, 240, 240, 240, 240, 240, 240, 240, 240]","[4, 5, 4, 4, 4, 4, 3, 4, 4, 6]",10,11,250.2721
1172,"[2, 1, 6, 4, 6, 5, 2, 5, 2, 6]","[160, 160, 160, 160, 160, 160, 160, 160, 160, 160]","[6, 4, 4, 6, 4, 6, 5, 4, 4, 4]",10,12,242.5204
1173,"[1, 3, 3, 4, 3]","[48, 48, 48, 48, 48]","[5, 3, 3, 3, 4]",5,13,201.9171
1174,"[3, 5, 5, 4]","[128, 128, 128, 128]","[5, 5, 4, 3]",4,14,213.3158
1175,"[2, 5, 2, 4, 2, 6]","[64, 64, 64, 64, 64, 64]","[3, 4, 4, 3, 4, 5]",6,15,213.2914
1176,"[2, 5, 4, 2, 5, 6]","[128, 128, 128, 128, 128, 128]","[4, 5, 3, 5, 5, 4]",6,16,224.7404
1177,"[3, 3, 1, 1, 3]","[32, 32, 32, 32, 32]","[3, 5, 3, 3, 6]",5,17,197.0106
1178,"[1, 3, 6, 5, 3, 2, 3]","[160, 160, 160, 160, 160, 160, 160]","[4, 3, 6, 6, 3, 4, 5]",7,18,231.3453
1179,"[3, 2, 1, 5, 6, 5, 2, 5, 2, 4]","[160, 160, 160, 160, 160, 160, 160, 160, 160, 160]","[4, 3, 6, 3, 3, 3, 4, 5, 4, 5]",10,19,243.3081
1180,"[6, 6, 2, 4, 2, 2, 6, 2]","[48, 48, 48, 48, 48, 48, 48, 48]","[5, 6, 3, 6, 3, 4, 6, 6]",8,0,218.4059
1181,"[5, 3, 1, 1]","[112, 112, 112, 112]","[6, 4, 3, 6]",4,1,211.3245
1182,"[3, 2, 4, 4, 1, 1, 2]","[144, 144, 144, 144, 144, 144, 144]","[5, 4, 4, 6, 3, 5, 3]",7,2,231.1364
1183,"[5, 4, 6, 4, 2, 6, 4]","[32, 32, 32, 32, 32, 32, 32]","[4, 4, 3, 5, 3, 4, 5]",7,3,208.0066
1184,"[2, 6, 1, 4]","[96, 96, 96, 96]","[4, 5, 6, 6]",4,4,207.8482
1185,"[2, 4, 1, 6, 3, 1, 4, 6]","[240, 240, 240, 240, 240, 240, 240, 240]","[6, 3, 5, 3, 4, 4, 6, 5]",8,5,243.2282
1186,"[6, 5, 5, 4, 1, 1, 2, 6]","[96, 96, 96, 96, 96, 96, 96, 96]","[4, 6, 4, 4, 6, 3, 6, 6]",8,6,230.2302
1187,"[1, 4, 6, 3, 1]","[144, 144, 144, 144, 144]","[4, 4, 4, 3, 6]",5,7,219.6194
1188,"[3, 1, 6, 6, 5, 5]","[80, 80, 80, 80, 80, 80]","[6, 4, 3, 3, 4, 6]",6,8,217.2251
1189,"[5, 1, 1, 1, 3]","[48, 48, 48, 48, 48]","[3, 6, 6, 5, 4]",5,9,204.083
1190,"[4, 4, 3, 6, 5, 1, 1, 2, 2, 5]","[96, 96, 96, 96, 96, 96, 96, 96, 96, 96]","[5, 3, 5, 6, 4, 3, 4, 4, 6, 4]",10,10,235.4276
1191,"[6, 1, 1, 1]","[176, 176, 176, 176]","[4, 4, 6, 4]",4,11,218.0392
1192,"[1, 1, 1, 5, 3, 4, 6, 2, 1]","[32, 32, 32, 32, 32, 32, 32, 32, 32]","[4, 5, 5, 6, 6, 3, 3, 4, 6]",9,12,209.7603
1193,"[4, 4, 1, 3, 2]","[48, 48, 48, 48, 48]","[3, 5, 4, 5, 5]",5,13,204.4828
1194,"[1, 3, 5, 5, 6]","[64, 64, 64, 64, 64]","[3, 6, 5, 4, 3]",5,14,206.7295
1195,"[2, 5, 6, 3, 2, 3, 6]","[48, 48, 48, 48, 48, 48, 48]","[6, 6, 3, 4, 5, 3, 4]",7,15,213.0075
1196,"[6, 1, 3, 2, 6, 3, 6]","[32, 32, 32, 32, 32, 32, 32]","[4, 3, 6, 5, 6, 5, 5]",7,16,207.2808
1197,"[5, 1, 5, 2, 3, 6, 3, 3, 3]","[112, 112, 112, 112, 112, 112, 112, 112, 112]","[3, 4, 3, 5, 4, 3, 5, 3, 6]",9,17,234.9978
1198,"[4, 2, 6, 1, 2, 1, 6, 5, 6]","[64, 64, 64, 64, 64, 64, 64, 64, 64]","[5, 4, 4, 6, 4, 3, 6, 5, 6]",9,18,225.0523
1199,"[4, 1, 1, 4, 1, 2, 2]","[96, 96, 96, 96, 96, 96, 96]","[6, 6, 4, 6, 4, 6, 4]",7,19,224.3335
1200,"[6, 3, 2, 1, 4, 6, 2, 2]","[240, 240, 240, 240, 240, 240, 240, 240]","[5, 3, 5, 3, 5, 3, 6, 6]",8,0,245.2124
1201,"[5, 5, 4, 4, 2, 1]","[240, 240, 240, 240, 240, 240]","[4, 6, 4, 5, 3, 3]",6,1,236.6513
1202,"[3, 2, 5, 3, 2, 2]","[96, 96, 96, 96, 96, 96]","[5, 5, 6, 5, 6, 6]",6,2,220.2481
1203,"[5, 3, 1, 5, 1]","[48, 48, 48, 48, 48]","[3, 5, 4, 6, 6]",5,3,204.7756
1204,"[6, 5, 5, 2]","[192, 192, 192, 192]","[5, 3, 4, 5]",4,4,220.8433
1205,"[4, 3, 1, 6]","[160, 160, 160, 160]","[3, 4, 6, 4]",4,5,216.7072
1206,"[6, 1, 4, 6, 4]","[176, 176, 176, 176, 176]","[4, 3, 4, 6, 5]",5,6,225.7473
1207,"[6, 6, 5, 5, 4, 1]","[112, 112, 112, 112, 112, 112]","[6, 3, 4, 3, 3, 3]",6,7,224.8391
1208,"[5, 2, 1, 4, 1, 6, 4]","[144, 144, 144, 144, 144, 144, 144]","[5, 6, 5, 3, 6, 5, 5]",7,8,232.0136
1209,"[6, 3, 5, 4, 5, 6, 3, 2]","[160, 160, 160, 160, 160, 160, 160, 160]","[6, 5, 5, 3, 5, 4, 4, 6]",8,9,238.8608
1210,"[1, 5, 3, 2, 5, 1, 3, 1]","[144, 144, 144, 144, 144, 144, 144, 144]","[6, 5, 4, 4, 5, 5, 6, 4]",8,10,233.3016
1211,"[4, 5, 3, 6]","[96, 96, 96, 96]","[5, 4, 4, 5]",4,11,209.4832
1212,"[2, 1, 5, 3, 1, 4, 5, 3, 2, 1]","[240, 240, 240, 240, 240, 240, 240, 240, 240, 240]","[4, 3, 3, 3, 5, 6, 5, 4, 3, 5]",10,12,249.2123
1213,"[6, 6, 1, 4, 2, 6, 6]","[112, 112, 112, 112, 112, 112, 112]","[6, 6, 6, 5, 6, 4, 4]",7,13,228.8938
1214,"[1, 6, 2, 1, 2, 6, 1]","[80, 80, 80, 80, 80, 80, 80]","[4, 4, 4, 3, 4, 6, 4]",7,14,219.6454
1215,"[6, 5, 1, 2, 6, 1, 2, 1]","[160, 160, 160, 160, 160, 160, 160, 160]","[6, 3, 3, 5, 4, 5, 5, 6]",8,15,238.3494
1216,"[1, 6, 6, 4, 6, 6, 1, 3, 6]","[144, 144, 144, 144, 144, 144, 144, 144, 144]","[3, 5, 5, 6, 6, 5, 4, 5, 3]",9,16,237.3102
1217,"[1, 2, 1, 1, 4, 5, 6, 3]","[240, 240, 240, 240, 240, 240, 240, 240]","[6, 6, 6, 4, 4, 6, 6, 5]",8,17,241.3074
1218,"[6, 5, 3, 2, 2, 4, 2, 1, 2]","[160, 160, 160, 160, 160, 160, 160, 160, 160]","[5, 4, 6, 6, 4, 3, 5, 4, 6]",9,18,242.0593
1219,"[2, 3, 3, 3, 2, 3, 1, 1, 5]","[64, 64, 64, 64, 64, 64, 64, 64, 64]","[4, 3, 4, 5, 5, 5, 3, 6, 3]",9,19,223.836
1220,"[5, 4, 3, 6, 5, 6, 2, 4]","[96, 96, 96, 96, 96, 96, 96, 96]","[4, 6, 6, 5, 6, 5, 4, 3]",8,0,230.0304
1221,"[2, 6, 1, 2, 1, 2]","[192, 192, 192, 192, 192, 192]","[3, 3, 5, 6, 3, 6]",6,1,230.7931
1222,"[1, 4, 1, 3]","[96, 96, 96, 96]","[6, 6, 4, 3]",4,2,206.1903
1223,"[6, 4, 4, 5, 6]","[160, 160, 160, 160, 160]","[3, 3, 6, 6, 5]",5,3,225.0501
1224,"[2, 5, 3, 5, 1, 6, 4, 2, 3]","[192, 192, 192, 192, 192, 192, 192, 192, 192]","[3, 3, 6, 3, 5, 5, 3, 5, 4]",9,4,243.2583
1225,"[3, 6, 6, 6, 2, 1]","[112, 112, 112, 112, 112, 112]","[3, 4, 5, 4, 3, 6]",6,5,223.5039
1226,"[3, 4, 3, 6, 6, 1, 1, 3]","[176, 176, 176, 176, 176, 176, 176, 176]","[4, 6, 5, 4, 5, 5, 6, 3]",8,6,238.9964
1227,"[3, 1, 6, 3]","[144, 144, 144, 144]","[5, 4, 3, 3]",4,7,214.2027
1228,"[4, 5, 5, 3, 2, 4]","[80, 80, 80, 80, 80, 80]","[4, 3, 4, 4, 3, 5]",6,8,218.4556
1229,"[6, 6, 4, 3, 5, 5]","[80, 80, 80, 80, 80, 80]","[4, 4, 4, 5, 4, 3]",6,9,219.4926
1230,"[3, 4, 5, 1, 2, 6, 2, 3, 5]","[32, 32, 32, 32, 32, 32, 32, 32, 32]","[5, 5, 6, 4, 5, 5, 5, 3, 6]",9,10,212.8337
1231,"[5, 6, 4, 6]","[176, 176, 176, 176]","[6, 3, 3, 6]",4,11,219.3585
1232,"[3, 2, 2, 4, 2, 6, 1, 5]","[160, 160, 160, 160, 160, 160, 160, 160]","[5, 4, 5, 4, 3, 4, 3, 3]",8,12,236.9007
1233,"[1, 4, 6, 6, 1, 4, 1, 3, 4]","[48, 48, 48, 48, 48, 48, 48, 48, 48]","[6, 6, 5, 6, 6, 4, 4, 4, 4]",9,13,218.0062
1234,"[1, 5, 5, 1, 4, 6, 6, 6]","[64, 64, 64, 64, 64, 64, 64, 64]","[3, 6, 5, 6, 4, 5, 6, 4]",8,14,219.8229
1235,"[3, 3, 1, 5, 4, 6, 2]","[176, 176, 176, 176, 176, 176, 176]","[5, 6, 4, 6, 5, 4, 4]",7,15,234.765
1236,"[3, 5, 6, 2, 4, 6, 4, 1, 1, 1]","[80, 80, 80, 80, 80, 80, 80, 80, 80, 80]","[3, 4, 6, 5, 3, 4, 5, 3, 3, 6]",10,16,231.8408
1237,"[2, 1, 2, 5]","[176, 176, 176, 176]","[3, 4, 3, 5]",4,17,216.2853
1238,"[6, 6, 3, 1, 2, 3, 5, 2, 3, 6]","[176, 176, 176, 176, 176, 176, 176, 176, 176, 176]","[5, 5, 4, 3, 4, 5, 3, 4, 5, 5]",10,18,246.867
1239,"[3, 6, 4, 6, 4, 2, 5, 1, 1]","[176, 176, 176, 176, 176, 176, 176, 176, 176]","[4, 4, 5, 4, 3, 4, 5, 4, 6]",9,19,242.7521
1240,"[6, 6, 4, 4, 2, 4, 3, 1]","[144, 144, 144, 144, 144, 144, 144, 144]","[3, 3, 6, 4, 6, 3, 3, 4]",8,0,237.2635
1241,"[4, 6, 2, 6, 5, 4, 1, 2, 2]","[176, 176, 176, 176, 176, 176, 176, 176, 176]","[4, 5, 4, 3, 5, 3, 5, 4, 5]",9,1,243.1898
1242,"[5, 6, 2, 4, 6, 3]","[160, 160, 160, 160, 160, 160]","[6, 3, 6, 3, 5, 6]",6,2,230.1676
1243,"[4, 6, 4, 4, 6]","[32, 32, 32, 32, 32]","[3, 3, 5, 3, 5]",5,3,198.6933
1244,"[1, 5, 5, 5, 1, 4, 5]","[96, 96, 96, 96, 96, 96, 96]","[4, 4, 4, 6, 5, 5, 6]",7,4,223.1203
1245,"[6, 4, 2, 5, 3, 5, 3]","[48, 48, 48, 48, 48, 48, 48]","[5, 5, 6, 5, 4, 4, 3]",7,5,214.6836
1246,"[1, 6, 5, 5, 3, 6, 4]","[80, 80, 80, 80, 80, 80, 80]","[6, 6, 3, 4, 5, 5, 4]",7,6,220.2526
1247,"[5, 4, 1, 3, 1]","[96, 96, 96, 96, 96]","[6, 6, 6, 3, 6]",5,7,215.9412
1248,"[3, 5, 1, 4]","[144, 144, 144, 144]","[5, 5, 3, 3]",4,8,214.6681
1249,"[6, 2, 3, 6, 4, 5, 3, 2, 6, 4]","[32, 32, 32, 32, 32, 32, 32, 32, 32, 32]","[6, 3, 4, 5, 4, 5, 6, 3, 4, 6]",10,9,216.7579
1250,"[6, 4, 6, 2, 2]","[144, 144, 144, 144, 144]","[3, 6, 5, 6, 4]",5,10,223.2124
1251,"[4, 3, 6, 6]","[64, 64, 64, 64]","[6, 4, 5, 4]",4,11,203.0454
1252,"[1, 5, 6, 5, 2, 5, 4]","[64, 64, 64, 64, 64, 64, 64]","[5, 4, 3, 5, 5, 6, 4]",7,12,216.3579
1253,"[5, 3, 1, 4, 5, 3, 2, 6, 3]","[64, 64, 64, 64, 64, 64, 64, 64, 64]","[3, 6, 3, 3, 5, 6, 4, 5, 5]",9,13,225.597
1254,"[1, 3, 4, 5, 4, 2, 3, 1]","[32, 32, 32, 32, 32, 32, 32, 32]","[5, 3, 6, 4, 4, 5, 5, 3]",8,14,207.6003
1255,"[4, 5, 1, 1, 2, 6]","[144, 144, 144, 144, 144, 144]","[6, 4, 3, 4, 5, 4]",6,15,227.4705
1256,"[2, 1, 6, 6, 3]","[176, 176, 176, 176, 176]","[3, 3, 6, 5, 5]",5,16,223.5965
1257,"[5, 3, 3, 6, 2, 2, 6]","[80, 80, 80, 80, 80, 80, 80]","[5, 5, 6, 6, 4, 6, 6]",7,17,222.9195
1258,"[2, 4, 3, 2, 3, 6, 3, 1, 6, 3]","[128, 128, 128, 128, 128, 128, 128, 128, 128, 128]","[6, 4, 3, 6, 4, 6, 4, 6, 3, 4]",10,18,239.0349
1259,"[2, 5, 3, 3, 5, 5, 6, 2]","[128, 128, 128, 128, 128, 128, 128, 128]","[6, 4, 4, 5, 3, 3, 3, 3]",8,19,233.0572
1260,"[3, 1, 6, 3, 1, 2]","[96, 96, 96, 96, 96, 96]","[5, 5, 4, 3, 6, 4]",6,0,219.8038
1261,"[3, 4, 1, 5, 4, 4, 2, 2, 3, 1]","[112, 112, 112, 112, 112, 112, 112, 112, 112, 112]","[4, 3, 3, 4, 5, 3, 5, 3, 5, 4]",10,1,237.3145
1262,"[2, 1, 4, 6]","[48, 48, 48, 48]","[3, 4, 3, 4]",4,2,196.6479
1263,"[2, 3, 2, 3, 5]","[240, 240, 240, 240, 240]","[4, 5, 4, 4, 3]",5,3,228.84
1264,"[2, 1, 5, 5, 3, 5, 3, 2]","[176, 176, 176, 176, 176, 176, 176, 176]","[3, 6, 6, 6, 5, 3, 4, 5]",8,4,237.5945
1265,"[5, 3, 3, 5, 5, 3]","[48, 48, 48, 48, 48, 48]","[4, 4, 4, 4, 6, 6]",6,5,210.374
1266,"[5, 2, 1, 3, 4, 1, 3, 1, 3]","[48, 48, 48, 48, 48, 48, 48, 48, 48]","[6, 6, 3, 5, 3, 4, 6, 6, 4]",9,6,220.2672
1267,"[5, 2, 4, 2, 5, 2, 6, 6, 2]","[240, 240, 240, 240, 240, 240, 240, 240, 240]","[6, 6, 3, 3, 6, 3, 3, 3, 3]",9,7,248.48
1268,"[6, 4, 3, 5, 5, 2]","[80, 80, 80, 80, 80, 80]","[5, 5, 6, 4, 5, 3]",6,8,219.1657
1269,"[2, 3, 6, 4, 6]","[32, 32, 32, 32, 32]","[4, 4, 4, 3, 5]",5,9,197.255
1270,"[2, 4, 6, 5]","[80, 80, 80, 80]","[4, 4, 6, 3]",4,10,205.3356
1271,"[6, 1, 5, 3, 4, 2, 3, 4]","[32, 32, 32, 32, 32, 32, 32, 32]","[3, 3, 5, 3, 3, 3, 4, 5]",8,11,210.645
1272,"[4, 5, 1, 3, 6, 5, 6, 1]","[176, 176, 176, 176, 176, 176, 176, 176]","[3, 3, 6, 4, 4, 5, 4, 3]",8,12,239.5003
1273,"[3, 6, 2, 5, 1, 1, 5, 4]","[128, 128, 128, 128, 128, 128, 128, 128]","[5, 6, 5, 5, 3, 6, 3, 5]",8,13,233.5686
1274,"[6, 2, 3, 6, 4, 1, 3, 6, 5, 6]","[144, 144, 144, 144, 144, 144, 144, 144, 144, 144]","[6, 4, 5, 5, 4, 4, 5, 4, 5, 3]",10,14,243.0963
1275,"[1, 4, 6, 4, 1, 4, 5, 5, 2]","[144, 144, 144, 144, 144, 144, 144, 144, 144]","[3, 3, 6, 4, 6, 5, 6, 3, 3]",9,15,236.9607
1276,"[2, 5, 3, 2]","[112, 112, 112, 112]","[3, 6, 4, 4]",4,16,210.2187
1277,"[3, 2, 2, 3, 6]","[160, 160, 160, 160, 160]","[4, 3, 4, 3, 5]",5,17,223.0121
1278,"[6, 6, 6, 3]","[48, 48, 48, 48]","[5, 3, 6, 5]",4,18,199.7348
1279,"[4, 4, 3, 3, 2, 4, 1]","[32, 32, 32, 32, 32, 32, 32]","[5, 4, 6, 3, 6, 5, 3]",7,19,207.0226
1280,"[1, 5, 1, 1, 4, 6]","[240, 240, 240, 240, 240, 240]","[5, 5, 5, 4, 5, 5]",6,0,233.089
1281,"[1, 3, 3, 4]","[192, 192, 192, 192]","[3, 5, 5, 6]",4,1,216.9507
1282,"[2, 3, 4, 5, 5, 3, 1, 3, 5, 4]","[192, 192, 192, 192, 192, 192, 192, 192, 192, 192]","[5, 5, 3, 4, 5, 5, 3, 6, 6, 4]",10,2,246.1488
1283,"[4, 3, 5, 5]","[176, 176, 176, 176]","[5, 4, 4, 3]",4,3,218.5733
1284,"[1, 1, 5, 3]","[64, 64, 64, 64]","[4, 6, 3, 4]",4,4,199.5034
1285,"[5, 4, 6, 6, 5, 1, 2]","[48, 48, 48, 48, 48, 48, 48]","[4, 4, 3, 5, 5, 3, 4]",7,5,214.7276
1286,"[6, 3, 2, 2, 6, 1, 1, 5]","[128, 128, 128, 128, 128, 128, 128, 128]","[5, 6, 3, 5, 6, 4, 5, 5]",8,6,234.5033
1287,"[5, 5, 6, 4, 4, 5, 4, 1, 5]","[160, 160, 160, 160, 160, 160, 160, 160, 160]","[5, 6, 6, 3, 6, 4, 6, 4, 3]",9,7,242.1935
1288,"[6, 5, 1, 1, 5, 1, 2, 1, 3]","[192, 192, 192, 192, 192, 192, 192, 192, 192]","[3, 4, 6, 6, 6, 4, 4, 3, 3]",9,8,244.7956
1289,"[1, 5, 2, 1, 4]","[160, 160, 160, 160, 160]","[6, 3, 6, 3, 5]",5,9,221.0363
1290,"[4, 2, 4, 4, 6, 3, 5, 2, 6]","[240, 240, 240, 240, 240, 240, 240, 240, 240]","[3, 6, 6, 4, 6, 5, 4, 5, 3]",9,10,248.1931
1291,"[3, 5, 4, 4, 1, 4, 6, 1]","[64, 64, 64, 64, 64, 64, 64, 64]","[6, 4, 5, 5, 5, 5, 5, 4]",8,11,221.853
1292,"[4, 3, 3, 5, 6, 6, 2]","[64, 64, 64, 64, 64, 64, 64]","[6, 5, 6, 5, 4, 5, 6]",7,12,218.6428
1293,"[1, 1, 6, 3, 4, 3, 6, 1]","[144, 144, 144, 144, 144, 144, 144, 144]","[5, 6, 4, 6, 5, 6, 3, 4]",8,13,232.7508
1294,"[1, 2, 6, 5, 3, 6, 3]","[64, 64, 64, 64, 64, 64, 64]","[5, 4, 3, 5, 3, 3, 5]",7,14,215.8779
1295,"[1, 3, 5, 5, 2]","[160, 160, 160, 160, 160]","[6, 6, 5, 6, 5]",5,15,221.1508
1296,"[6, 2, 4, 3, 4, 6]","[96, 96, 96, 96, 96, 96]","[3, 5, 6, 5, 6, 3]",6,16,221.7955
1297,"[6, 4, 1, 2]","[176, 176, 176, 176]","[3, 4, 4, 3]",4,17,218.9461
1298,"[5, 3, 5, 1, 2, 5, 1, 6, 4, 2]","[80, 80, 80, 80, 80, 80, 80, 80, 80, 80]","[5, 6, 6, 4, 6, 4, 3, 6, 6, 6]",10,18,232.4406
1299,"[3, 2, 4, 2, 4, 3]","[80, 80, 80, 80, 80, 80]","[5, 6, 6, 6, 3, 4]",6,19,217.2618
1300,"[2, 3, 2, 2, 5, 4, 5, 5]","[128, 128, 128, 128, 128, 128, 128, 128]","[5, 3, 3, 4, 6, 4, 3, 4]",8,0,232.5701
1301,"[3, 4, 1, 6, 1, 2, 6]","[112, 112, 112, 112, 112, 112, 112]","[3, 4, 3, 4, 5, 6, 3]",7,1,227.2618
1302,"[4, 2, 2, 3]","[176, 176, 176, 176]","[3, 3, 4, 5]",4,2,217.9747
1303,"[4, 5, 1, 6, 3, 3]","[240, 240, 240, 240, 240, 240]","[3, 4, 5, 4, 3, 3]",6,3,236.0684
1304,"[3, 3, 2, 6, 2, 6, 5, 3]","[96, 96, 96, 96, 96, 96, 96, 96]","[6, 6, 5, 4, 5, 4, 4, 4]",8,4,228.6699
1305,"[5, 2, 1, 2, 4, 3, 3, 5, 5, 4]","[144, 144, 144, 144, 144, 144, 144, 144, 144, 144]","[3, 3, 3, 6, 6, 5, 4, 5, 5, 5]",10,5,242.3363
1306,"[6, 2, 1, 3, 3, 2, 5, 5, 2, 4]","[128, 128, 128, 128, 128, 128, 128, 128, 128, 128]","[5, 4, 6, 5, 6, 4, 5, 4, 4, 5]",10,6,240.5788
1307,"[2, 1, 4, 4, 3, 3, 1]","[64, 64, 64, 64, 64, 64, 64]","[5, 5, 4, 3, 4, 5, 5]",7,7,216.466
1308,"[1, 5, 5, 4, 2, 4, 6, 3, 4, 5]","[128, 128, 128, 128, 128, 128, 128, 128, 128, 128]","[5, 6, 4, 5, 3, 4, 3, 5, 4, 6]",10,8,238.0474
1309,"[5, 2, 1, 4, 2, 2, 1, 4, 5, 2]","[128, 128, 128, 128, 128, 128, 128, 128, 128, 128]","[6, 5, 5, 4, 4, 5, 6, 3, 4, 5]",10,9,240.0597
1310,"[4, 3, 4, 4, 5, 6, 4]","[80, 80, 80, 80, 80, 80, 80]","[6, 6, 6, 5, 6, 6, 6]",7,10,222.5872
1311,"[6, 3, 6, 6]","[48, 48, 48, 48]","[5, 4, 4, 6]",4,11,199.4653
1312,"[6, 5, 5, 2, 1, 3, 2, 4]","[160, 160, 160, 160, 160, 160, 160, 160]","[4, 4, 5, 5, 3, 5, 4, 4]",8,12,238.8256
1313,"[5, 6, 4, 4]","[64, 64, 64, 64]","[4, 5, 3, 3]",4,13,203.758
1314,"[2, 4, 6, 2, 1, 5, 6]","[32, 32, 32, 32, 32, 32, 32]","[3, 5, 4, 5, 5, 4, 5]",7,14,205.7833
1315,"[5, 5, 5, 3, 6, 3]","[144, 144, 144, 144, 144, 144]","[4, 4, 4, 6, 5, 6]",6,15,228.6108
1316,"[3, 2, 3, 5, 4, 5]","[64, 64, 64, 64, 64, 64]","[5, 5, 4, 5, 3, 4]",6,16,213.5933
1317,"[4, 4, 6, 4, 3, 3, 5, 5, 4]","[112, 112, 112, 112, 112, 112, 112, 112, 112]","[4, 6, 4, 4, 4, 6, 3, 3, 5]",9,17,235.528
1318,"[4, 2, 3, 3, 5, 3, 1, 2, 1, 2]","[176, 176, 176, 176, 176, 176, 176, 176, 176, 176]","[3, 6, 5, 6, 4, 4, 6, 3, 3, 3]",10,18,245.4378
1319,"[5, 1, 1, 1, 1, 4, 3, 5]","[160, 160, 160, 160, 160, 160, 160, 160]","[6, 3, 5, 4, 4, 3, 4, 5]",8,19,236.9941
1320,"[2, 2, 3, 3, 5, 2, 3]","[192, 192, 192, 192, 192, 192, 192]","[5, 3, 5, 5, 3, 4, 5]",7,0,235.3244
1321,"[6, 4, 4, 6, 3, 5, 1, 4, 1, 6]","[112, 112, 112, 112, 112, 112, 112, 112, 112, 112]","[3, 4, 6, 4, 4, 6, 5, 4, 6, 5]",10,1,239.0956
1322,"[3, 3, 5, 2, 4, 2]","[112, 112, 112, 112, 112, 112]","[5, 4, 4, 6, 5, 3]",6,2,223.0018
1323,"[6, 1, 2, 2, 5, 2, 2]","[128, 128, 128, 128, 128, 128, 128]","[5, 3, 3, 4, 3, 3, 3]",7,3,230.1145
1324,"[6, 3, 3, 1, 6, 5, 2, 4]","[160, 160, 160, 160, 160, 160, 160, 160]","[4, 4, 5, 4, 5, 3, 5, 4]",8,4,238.5552
1325,"[1, 6, 2, 1, 2, 5, 2, 2, 3, 2]","[80, 80, 80, 80, 80, 80, 80, 80, 80, 80]","[3, 4, 6, 5, 4, 5, 4, 4, 5, 6]",10,5,229.3305
1326,"[6, 1, 2, 6, 2, 5]","[112, 112, 112, 112, 112, 112]","[5, 5, 6, 3, 4, 6]",6,6,223.6616
1327,"[1, 1, 1, 4]","[192, 192, 192, 192]","[5, 6, 4, 4]",4,7,216.0145
1328,"[5, 6, 4, 5, 6, 2, 6, 2]","[48, 48, 48, 48, 48, 48, 48, 48]","[6, 5, 5, 6, 5, 6, 6, 5]",8,8,218.4022
1329,"[6, 1, 6, 5]","[48, 48, 48, 48]","[5, 3, 5, 5]",4,9,198.7581
1330,"[6, 4, 3, 2, 3, 6]","[160, 160, 160, 160, 160, 160]","[5, 4, 3, 5, 4, 6]",6,10,230.3317
1331,"[1, 6, 4, 3]","[96, 96, 96, 96]","[5, 6, 5, 5]",4,11,206.7729
1332,"[4, 6, 3, 1, 1, 2, 2, 6, 4]","[96, 96, 96, 96, 96, 96, 96, 96, 96]","[4, 3, 3, 5, 6, 6, 4, 6, 3]",9,12,232.5015
1333,"[5, 2, 4, 5, 1, 1, 4]","[96, 96, 96, 96, 96, 96, 96]","[4, 4, 3, 4, 5, 3, 3]",7,13,225.5828
1334,"[4, 5, 2, 4]","[64, 64, 64, 64]","[5, 3, 3, 3]",4,14,202.9634
1335,"[5, 5, 2, 2, 4, 4, 5, 6, 1]","[160, 160, 160, 160, 160, 160, 160, 160, 160]","[5, 5, 5, 6, 5, 3, 6, 4, 3]",9,15,241.8497
1336,"[1, 6, 2, 6]","[80, 80, 80, 80]","[4, 6, 3, 6]",4,16,203.8802
1337,"[2, 5, 4, 1, 4, 5, 2, 5]","[48, 48, 48, 48, 48, 48, 48, 48]","[5, 6, 3, 3, 6, 4, 6, 6]",8,17,216.2077
1338,"[5, 3, 4, 4, 5, 6, 6, 3]","[144, 144, 144, 144, 144, 144, 144, 144]","[5, 5, 5, 6, 4, 4, 3, 3]",8,18,236.6877
1339,"[2, 2, 5, 3, 1, 2, 5, 1, 2, 6]","[80, 80, 80, 80, 80, 80, 80, 80, 80, 80]","[5, 6, 3, 5, 3, 3, 3, 5, 6, 3]",10,19,230.4013
1340,"[1, 2, 4, 3, 4, 3, 2, 6, 3, 4]","[80, 80, 80, 80, 80, 80, 80, 80, 80, 80]","[3, 4, 6, 4, 3, 3, 3, 5, 5, 5]",10,0,229.2181
1341,"[1, 2, 2, 1, 2, 2, 3]","[48, 48, 48, 48, 48, 48, 48]","[6, 6, 5, 5, 5, 6, 5]",7,1,210.4399
1342,"[5, 4, 2, 6, 3]","[128, 128, 128, 128, 128]","[6, 6, 3, 6, 6]",5,2,220.8822
1343,"[2, 6, 3, 4, 4, 3, 5, 2, 6, 1]","[128, 128, 128, 128, 128, 128, 128, 128, 128, 128]","[4, 3, 6, 5, 4, 6, 4, 4, 4, 6]",10,3,239.3996
1344,"[6, 5, 6, 6, 3, 1, 1, 2]","[176, 176, 176, 176, 176, 176, 176, 176]","[4, 3, 5, 4, 5, 5, 4, 4]",8,4,240.5782
1345,"[6, 3, 2, 3, 4, 6]","[176, 176, 176, 176, 176, 176]","[5, 5, 5, 5, 3, 5]",6,5,231.6928
1346,"[5, 2, 3, 5]","[176, 176, 176, 176]","[3, 5, 6, 3]",4,6,218.6183
1347,"[1, 1, 2, 3, 6]","[128, 128, 128, 128, 128]","[3, 4, 4, 4, 5]",5,7,216.8556
1348,"[5, 3, 5, 4, 2, 3, 2, 3]","[192, 192, 192, 192, 192, 192, 192, 192]","[4, 5, 6, 6, 3, 3, 4, 6]",8,8,241.4233
1349,"[2, 2, 1, 5, 2, 4, 5, 5, 2]","[64, 64, 64, 64, 64, 64, 64, 64, 64]","[4, 5, 4, 5, 5, 3, 5, 6, 3]",9,9,223.5467
1350,"[6, 4, 3, 6, 4, 5, 6]","[96, 96, 96, 96, 96, 96, 96]","[3, 5, 4, 5, 6, 6, 4]",7,10,226.6634
1351,"[3, 3, 4, 5, 2, 3, 6, 3]","[144, 144, 144, 144, 144, 144, 144, 144]","[3, 4, 6, 4, 6, 5, 4, 4]",8,11,235.6234
1352,"[3, 5, 2, 5, 1, 4, 5, 3]","[48, 48, 48, 48, 48, 48, 48, 48]","[5, 4, 4, 5, 4, 3, 4, 5]",8,12,216.9367
1353,"[5, 3, 2, 4, 4, 2, 1, 1, 4, 2]","[96, 96, 96, 96, 96, 96, 96, 96, 96, 96]","[3, 4, 3, 5, 3, 3, 3, 6, 4, 5]",10,13,235.5324
1354,"[2, 2, 3, 2, 2]","[160, 160, 160, 160, 160]","[3, 4, 4, 3, 5]",5,14,222.0939
1355,"[3, 6, 2, 1, 2, 6, 1, 2, 2]","[112, 112, 112, 112, 112, 112, 112, 112, 112]","[5, 5, 5, 6, 5, 3, 3, 4, 6]",9,15,234.3987
1356,"[5, 4, 6, 4, 3]","[160, 160, 160, 160, 160]","[4, 4, 3, 4, 3]",5,16,224.7001
1357,"[2, 6, 3, 3]","[80, 80, 80, 80]","[4, 4, 4, 6]",4,17,205.3069
1358,"[4, 6, 6, 1, 6, 5]","[240, 240, 240, 240, 240, 240]","[5, 6, 5, 4, 3, 4]",6,18,236.4842
1359,"[2, 2, 5, 2, 2, 5, 3, 2, 6]","[240, 240, 240, 240, 240, 240, 240, 240, 240]","[4, 5, 3, 4, 5, 5, 6, 3, 5]",9,19,246.615
1360,"[4, 4, 4, 5, 4, 6, 6, 4, 3, 4]","[64, 64, 64, 64, 64, 64, 64, 64, 64, 64]","[3, 4, 6, 4, 3, 3, 3, 3, 6, 4]",10,0,228.7512
1361,"[3, 2, 3, 1, 4, 4]","[240, 240, 240, 240, 240, 240]","[6, 5, 6, 6, 6, 6]",6,1,235.011
1362,"[5, 5, 4, 6]","[240, 240, 240, 240]","[4, 4, 6, 5]",4,2,224.0394
1363,"[6, 6, 1, 4, 1, 6, 1, 5, 6, 4]","[144, 144, 144, 144, 144, 144, 144, 144, 144, 144]","[6, 6, 5, 4, 5, 5, 6, 6, 3, 6]",10,3,243.2604
1364,"[5, 2, 1, 4, 1, 4, 4, 6]","[240, 240, 240, 240, 240, 240, 240, 240]","[5, 3, 6, 4, 3, 5, 4, 3]",8,4,244.5854
1365,"[3, 1, 3, 6, 3, 4, 4]","[112, 112, 112, 112, 112, 112, 112]","[6, 5, 3, 3, 6, 3, 3]",7,5,226.8447
1366,"[3, 3, 2, 5, 5, 3, 1, 2]","[32, 32, 32, 32, 32, 32, 32, 32]","[6, 5, 5, 5, 4, 4, 5, 3]",8,6,209.662
1367,"[2, 5, 3, 4, 3, 5, 1]","[48, 48, 48, 48, 48, 48, 48]","[6, 4, 3, 6, 3, 6, 5]",7,7,212.8267
1368,"[1, 3, 2, 4, 2, 1, 4, 2, 3, 3]","[176, 176, 176, 176, 176, 176, 176, 176, 176, 176]","[3, 4, 4, 4, 3, 4, 3, 5, 6, 4]",10,8,242.8379
1369,"[3, 1, 3, 6, 6, 3, 6]","[128, 128, 128, 128, 128, 128, 128]","[4, 5, 4, 6, 3, 6, 3]",7,9,229.2274
1370,"[1, 5, 2, 6, 2, 2, 5, 4]","[80, 80, 80, 80, 80, 80, 80, 80]","[4, 5, 6, 6, 5, 4, 6, 4]",8,10,223.5736
1371,"[2, 3, 5, 2]","[240, 240, 240, 240]","[4, 5, 5, 5]",4,11,221.7783
1372,"[2, 2, 5, 5, 6, 5]","[192, 192, 192, 192, 192, 192]","[3, 4, 4, 3, 4, 3]",6,12,231.0731
1373,"[3, 1, 4, 6, 3, 5]","[64, 64, 64, 64, 64, 64]","[6, 6, 4, 6, 3, 3]",6,13,213.2569
1374,"[5, 3, 1, 3, 6, 2, 6, 3, 2, 3]","[176, 176, 176, 176, 176, 176, 176, 176, 176, 176]","[3, 5, 4, 6, 6, 3, 5, 6, 4, 4]",10,14,246.0625
1375,"[3, 4, 2, 2, 1, 5, 2, 6]","[112, 112, 112, 112, 112, 112, 112, 112]","[4, 3, 3, 3, 4, 4, 4, 6]",8,15,231.1003
1376,"[6, 3, 2, 6]","[32, 32, 32, 32]","[4, 6, 6, 4]",4,16,192.9656
1377,"[3, 6, 6, 6, 4, 1, 4]","[144, 144, 144, 144, 144, 144, 144]","[6, 4, 4, 3, 4, 6, 4]",7,17,232.2542
1378,"[5, 1, 4, 4, 4, 3, 5]","[96, 96, 96, 96, 96, 96, 96]","[5, 3, 6, 4, 6, 3, 3]",7,18,225.4277
1379,"[3, 5, 3, 3, 1, 6, 6, 2, 5]","[80, 80, 80, 80, 80, 80, 80, 80, 80]","[3, 5, 4, 4, 6, 6, 5, 4, 5]",9,19,228.9563
1380,"[3, 2, 1, 1, 5, 6, 6]","[64, 64, 64, 64, 64, 64, 64]","[6, 4, 3, 3, 4, 5, 3]",7,0,217.4596
1381,"[2, 1, 4, 1, 1, 6]","[112, 112, 112, 112, 112, 112]","[3, 6, 6, 5, 5, 5]",6,1,221.2591
1382,"[6, 6, 6, 2, 1, 5, 6, 2]","[192, 192, 192, 192, 192, 192, 192, 192]","[6, 5, 3, 5, 6, 6, 5, 5]",8,2,242.1437
1383,"[4, 2, 6, 6, 5, 1, 5]","[240, 240, 240, 240, 240, 240, 240]","[6, 4, 5, 5, 5, 5, 4]",7,3,240.7123
1384,"[2, 5, 2, 5, 4, 1, 1, 4, 4]","[144, 144, 144, 144, 144, 144, 144, 144, 144]","[5, 3, 4, 3, 5, 4, 6, 4, 6]",9,4,238.0928
1385,"[3, 3, 1, 4]","[128, 128, 128, 128]","[4, 4, 4, 4]",4,5,212.6711
1386,"[6, 6, 5, 6, 3, 2]","[192, 192, 192, 192, 192, 192]","[4, 4, 3, 6, 5, 5]",6,6,233.7533
1387,"[3, 2, 5, 4, 5, 5, 6, 1, 4]","[32, 32, 32, 32, 32, 32, 32, 32, 32]","[5, 4, 3, 6, 6, 6, 3, 4, 6]",9,7,212.8546
1388,"[1, 5, 6, 1, 1, 5, 2]","[176, 176, 176, 176, 176, 176, 176]","[3, 5, 4, 5, 3, 6, 3]",7,8,232.8555
1389,"[6, 3, 5, 6, 4]","[96, 96, 96, 96, 96]","[6, 4, 5, 4, 6]",5,9,216.8649
1390,"[2, 4, 6, 2, 1, 6, 6, 5, 3, 2]","[192, 192, 192, 192, 192, 192, 192, 192, 192, 192]","[4, 6, 6, 4, 4, 6, 5, 4, 4, 4]",10,10,246.2851
1391,"[4, 4, 2, 3, 3, 6, 6]","[96, 96, 96, 96, 96, 96, 96]","[6, 3, 3, 4, 5, 6, 3]",7,11,225.6252
1392,"[5, 5, 3, 3, 1, 6, 3]","[144, 144, 144, 144, 144, 144, 144]","[3, 5, 4, 5, 5, 6, 6]",7,12,232.7884
1393,"[1, 2, 5, 4]","[32, 32, 32, 32]","[3, 4, 6, 3]",4,13,189.2453
1394,"[4, 1, 3, 2, 4, 4, 3, 1, 5, 2]","[240, 240, 240, 240, 240, 240, 240, 240, 240, 240]","[3, 3, 5, 6, 5, 3, 5, 5, 5, 5]",10,14,250.5419
1395,"[4, 5, 6, 5, 4]","[112, 112, 112, 112, 112]","[6, 3, 5, 5, 6]",5,15,218.72
1396,"[5, 2, 5, 4, 4, 3, 1, 6, 6, 1]","[32, 32, 32, 32, 32, 32, 32, 32, 32, 32]","[6, 6, 4, 5, 6, 5, 5, 5, 3, 3]",10,16,216.3027
1397,"[1, 6, 2, 2, 2, 3]","[240, 240, 240, 240, 240, 240]","[5, 5, 6, 5, 4, 5]",6,17,233.3407
1398,"[5, 1, 2, 1]","[48, 48, 48, 48]","[5, 4, 6, 5]",4,18,197.8379
1399,"[1, 4, 2, 6, 3, 6, 1, 2, 5]","[48, 48, 48, 48, 48, 48, 48, 48, 48]","[6, 5, 4, 5, 3, 4, 3, 3, 3]",9,19,217.7905
1400,"[4, 6, 5, 4, 4, 4, 1]","[96, 96, 96, 96, 96, 96, 96]","[6, 6, 6, 4, 6, 6, 6]",7,0,226.0038
1401,"[3, 5, 1, 3]","[80, 80, 80, 80]","[3, 5, 6, 4]",4,1,205.6615
1402,"[3, 4, 4, 5, 4, 6, 3, 5]","[64, 64, 64, 64, 64, 64, 64, 64]","[6, 5, 4, 5, 3, 3, 6, 3]",8,2,221.9777
1403,"[5, 4, 3, 3]","[176, 176, 176, 176]","[4, 4, 5, 3]",4,3,218.9665
1404,"[5, 3, 4, 3, 5, 2, 5, 6, 1]","[96, 96, 96, 96, 96, 96, 96, 96, 96]","[4, 3, 6, 5, 6, 4, 6, 4, 3]",9,4,233.0082
1405,"[1, 6, 5, 3]","[128, 128, 128, 128]","[3, 4, 3, 6]",4,5,211.2175
1406,"[3, 2, 1, 4, 6, 3, 2]","[80, 80, 80, 80, 80, 80, 80]","[4, 6, 5, 6, 6, 4, 4]",7,6,221.3554
1407,"[5, 1, 2, 1, 6, 5, 2]","[80, 80, 80, 80, 80, 80, 80]","[5, 3, 6, 3, 5, 3, 4]",7,7,221.9631
1408,"[1, 2, 4, 3, 6, 5, 2]","[240, 240, 240, 240, 240, 240, 240]","[6, 5, 5, 4, 4, 4, 5]",7,8,237.8184
1409,"[4, 1, 2, 6, 1, 1, 1]","[64, 64, 64, 64, 64, 64, 64]","[3, 5, 3, 6, 4, 6, 3]",7,9,217.5666
1410,"[4, 4, 6, 2, 3, 1, 6, 5]","[192, 192, 192, 192, 192, 192, 192, 192]","[3, 4, 3, 3, 3, 3, 6, 6]",8,10,241.1598
1411,"[5, 6, 4, 4, 6, 3]","[96, 96, 96, 96, 96, 96]","[3, 3, 6, 6, 3, 5]",6,11,222.1227
1412,"[4, 3, 6, 5, 6]","[144, 144, 144, 144, 144]","[5, 3, 5, 5, 5]",5,12,222.4709
1413,"[1, 4, 6, 2, 2, 4, 6, 1, 4]","[144, 144, 144, 144, 144, 144, 144, 144, 144]","[5, 4, 3, 4, 5, 6, 4, 5, 5]",9,13,236.81
1414,"[6, 3, 3, 4, 5, 6, 6]","[192, 192, 192, 192, 192, 192, 192]","[3, 3, 3, 6, 3, 6, 5]",7,14,238.005
1415,"[2, 2, 2, 1, 6]","[192, 192, 192, 192, 192]","[5, 4, 4, 5, 6]",5,15,224.888
1416,"[2, 6, 2, 4, 3, 5, 6]","[96, 96, 96, 96, 96, 96, 96]","[4, 3, 5, 6, 5, 4, 3]",7,16,224.5059
1417,"[2, 5, 2, 5, 4, 5, 4]","[192, 192, 192, 192, 192, 192, 192]","[3, 6, 4, 6, 3, 6, 3]",7,17,235.9576
1418,"[2, 2, 1, 6, 5, 2, 1, 4, 1]","[144, 144, 144, 144, 144, 144, 144, 144, 144]","[5, 3, 5, 6, 6, 6, 4, 4, 5]",9,18,237.4079
1419,"[2, 6, 5, 4, 5]","[128, 128, 128, 128, 128]","[3, 6, 3, 4, 5]",5,19,219.5299
1420,"[2, 6, 4, 3, 6, 4, 3]","[96, 96, 96, 96, 96, 96, 96]","[4, 3, 5, 5, 5, 5, 5]",7,0,224.6452
1421,"[2, 1, 4, 2]","[48, 48, 48, 48]","[3, 3, 3, 6]",4,1,196.4568
1422,"[3, 6, 6, 3, 6, 3]","[64, 64, 64, 64, 64, 64]","[5, 3, 5, 5, 4, 4]",6,2,214.3823
1423,"[6, 5, 4, 5]","[48, 48, 48, 48]","[6, 4, 4, 6]",4,3,199.7493
1424,"[1, 6, 1, 2, 1]","[192, 192, 192, 192, 192]","[3, 6, 6, 6, 3]",5,4,223.8668
1425,"[5, 2, 1, 2, 2, 6, 4, 6, 3]","[96, 96, 96, 96, 96, 96, 96, 96, 96]","[4, 4, 6, 6, 6, 4, 5, 4, 5]",9,5,232.3739
1426,"[4, 3, 5, 3, 6, 6, 2]","[144, 144, 144, 144, 144, 144, 144]","[6, 5, 4, 4, 5, 3, 3]",7,6,232.3845
1427,"[4, 2, 4, 6]","[48, 48, 48, 48]","[3, 5, 6, 6]",4,7,198.3424
1428,"[4, 5, 1, 4, 1, 3, 4, 2, 5, 2]","[240, 240, 240, 240, 240, 240, 240, 240, 240, 240]","[3, 4, 5, 4, 3, 4, 6, 3, 6, 4]",10,8,251.1719
1429,"[1, 6, 3, 1, 2, 6, 2]","[80, 80, 80, 80, 80, 80, 80]","[5, 6, 6, 6, 6, 6, 4]",7,9,219.7619
1430,"[6, 2, 6, 3, 1, 5, 2, 4, 3]","[48, 48, 48, 48, 48, 48, 48, 48, 48]","[4, 5, 5, 4, 3, 5, 6, 6, 5]",9,10,221.0493
1431,"[3, 5, 5, 5, 6, 6, 5]","[240, 240, 240, 240, 240, 240, 240]","[6, 5, 3, 6, 6, 6, 4]",7,11,240.8004
1432,"[3, 1, 1, 6, 2, 1, 2, 6]","[32, 32, 32, 32, 32, 32, 32, 32]","[6, 6, 4, 3, 3, 4, 6, 4]",8,12,208.8094
1433,"[5, 5, 6, 1, 2, 1, 1, 1, 2, 3]","[176, 176, 176, 176, 176, 176, 176, 176, 176, 176]","[4, 5, 6, 3, 5, 5, 4, 4, 4, 4]",10,13,246.2248
1434,"[5, 2, 1, 4, 3, 4, 6, 3, 3]","[96, 96, 96, 96, 96, 96, 96, 96, 96]","[3, 6, 4, 4, 6, 3, 3, 6, 5]",9,14,232.4907
1435,"[5, 4, 2, 4, 4, 2, 4]","[112, 112, 112, 112, 112, 112, 112]","[6, 4, 5, 3, 5, 4, 6]",7,15,228.4877
1436,"[3, 6, 5, 2, 1]","[112, 112, 112, 112, 112]","[3, 5, 4, 4, 3]",5,16,217.9153
1437,"[6, 3, 1, 4]","[32, 32, 32, 32]","[5, 3, 3, 5]",4,17,192.5669
1438,"[1, 3, 1, 1, 5, 2, 2, 4, 6]","[112, 112, 112, 112, 112, 112, 112, 112, 112]","[4, 6, 6, 3, 6, 3, 4, 6, 5]",9,18,231.801
1439,"[5, 6, 2, 3, 3]","[160, 160, 160, 160, 160]","[5, 6, 5, 5, 4]",5,19,224.5563
1440,"[5, 5, 6, 5]","[128, 128, 128, 128]","[3, 6, 5, 5]",4,0,214.4408
1441,"[4, 4, 3, 1, 3, 4, 6, 3]","[240, 240, 240, 240, 240, 240, 240, 240]","[5, 6, 5, 6, 4, 5, 3, 5]",8,1,244.7214
1442,"[6, 6, 6, 3, 5]","[48, 48, 48, 48, 48]","[3, 6, 5, 4, 5]",5,2,206.2118
1443,"[5, 1, 3, 6, 4, 1, 6, 4, 5, 6]","[96, 96, 96, 96, 96, 96, 96, 96, 96, 96]","[6, 4, 3, 5, 6, 4, 6, 6, 3, 4]",10,3,235.3296
1444,"[2, 4, 1, 1]","[192, 192, 192, 192]","[6, 4, 5, 5]",4,4,217.9832
1445,"[3, 1, 5, 1, 6, 1, 5, 5]","[32, 32, 32, 32, 32, 32, 32, 32]","[5, 3, 6, 6, 3, 5, 4, 4]",8,5,209.113
1446,"[4, 1, 2, 4, 5, 6, 6, 3, 4]","[128, 128, 128, 128, 128, 128, 128, 128, 128]","[6, 3, 5, 3, 5, 4, 3, 6, 6]",9,6,236.8184
1447,"[5, 2, 6, 3, 5, 2, 5, 4]","[112, 112, 112, 112, 112, 112, 112, 112]","[6, 6, 6, 4, 4, 6, 3, 6]",8,7,232.1202
1448,"[6, 5, 2, 2, 3, 1, 3, 4]","[112, 112, 112, 112, 112, 112, 112, 112]","[3, 5, 3, 4, 6, 3, 6, 6]",8,8,232.5596
1449,"[5, 6, 1, 6, 6, 5, 2, 5, 3, 6]","[96, 96, 96, 96, 96, 96, 96, 96, 96, 96]","[4, 6, 6, 5, 4, 5, 3, 4, 4, 6]",10,9,236.1857
1450,"[2, 4, 1, 4, 2, 6, 6, 1]","[144, 144, 144, 144, 144, 144, 144, 144]","[4, 6, 3, 5, 6, 5, 5, 5]",8,10,234.5461
1451,"[6, 6, 3, 1, 2]","[128, 128, 128, 128, 128]","[5, 5, 6, 4, 5]",5,11,221.2011
1452,"[3, 5, 4, 5, 4, 3, 3, 6]","[160, 160, 160, 160, 160, 160, 160, 160]","[5, 4, 3, 3, 5, 5, 5, 5]",8,12,237.7827
1453,"[4, 2, 2, 4, 3, 1, 2, 1, 3]","[112, 112, 112, 112, 112, 112, 112, 112, 112]","[6, 3, 6, 5, 3, 6, 4, 5, 3]",9,13,234.4556
1454,"[4, 1, 6, 6, 1, 5, 4, 3]","[32, 32, 32, 32, 32, 32, 32, 32]","[4, 6, 3, 5, 5, 3, 4, 3]",8,14,210.0401
1455,"[3, 3, 5, 6]","[240, 240, 240, 240]","[4, 4, 6, 6]",4,15,222.7814
1456,"[3, 5, 1, 5, 4, 6, 6, 6]","[48, 48, 48, 48, 48, 48, 48, 48]","[5, 6, 6, 3, 6, 3, 6, 4]",8,16,217.059
1457,"[3, 4, 1, 6, 2, 2, 6]","[160, 160, 160, 160, 160, 160, 160]","[4, 5, 4, 5, 3, 5, 5]",7,17,233.3017
1458,"[3, 5, 3, 6, 6, 4, 5, 5, 3]","[176, 176, 176, 176, 176, 176, 176, 176, 176]","[3, 3, 3, 5, 4, 5, 4, 5, 5]",9,18,242.8364
1459,"[4, 6, 1, 2, 5]","[112, 112, 112, 112, 112]","[4, 4, 3, 6, 6]",5,19,218.299
1460,"[4, 6, 6, 2, 5, 4, 6, 6, 5, 6]","[64, 64, 64, 64, 64, 64, 64, 64, 64, 64]","[6, 3, 4, 3, 5, 5, 5, 6, 3, 3]",10,0,228.8858
1461,"[4, 5, 2, 3, 4, 3, 5, 6, 3]","[112, 112, 112, 112, 112, 112, 112, 112, 112]","[6, 3, 6, 5, 6, 4, 6, 4, 3]",9,1,235.2952
1462,"[1, 6, 2, 4, 5, 3, 2, 1, 1]","[128, 128, 128, 128, 128, 128, 128, 128, 128]","[3, 6, 5, 5, 6, 4, 5, 5, 5]",9,2,234.7529
1463,"[3, 1, 5, 5, 3, 2, 6, 5, 2, 6]","[128, 128, 128, 128, 128, 128, 128, 128, 128, 128]","[4, 5, 5, 6, 6, 6, 4, 3, 3, 5]",10,3,239.3585
1464,"[4, 5, 4, 3, 1, 5, 5]","[240, 240, 240, 240, 240, 240, 240]","[4, 3, 5, 4, 4, 3, 6]",7,4,240.9738
1465,"[6, 4, 5, 2, 2, 6, 1, 3]","[160, 160, 160, 160, 160, 160, 160, 160]","[5, 5, 3, 3, 5, 3, 4, 4]",8,5,238.7743
1466,"[2, 5, 1, 6, 1, 4]","[192, 192, 192, 192, 192, 192]","[3, 5, 4, 4, 5, 3]",6,6,230.9362
1467,"[3, 6, 1, 1, 6, 1, 1, 5, 2]","[80, 80, 80, 80, 80, 80, 80, 80, 80]","[4, 5, 4, 6, 3, 6, 4, 6, 5]",9,7,228.5252
1468,"[5, 2, 6, 6, 3, 2, 4, 6, 5, 4]","[48, 48, 48, 48, 48, 48, 48, 48, 48, 48]","[5, 3, 5, 4, 5, 4, 3, 6, 5, 3]",10,8,223.6904
1469,"[5, 4, 6, 1, 6, 2, 4]","[64, 64, 64, 64, 64, 64, 64]","[5, 3, 6, 3, 3, 3, 5]",7,9,219.1932
1470,"[2, 5, 4, 1, 1, 5, 1, 6, 6]","[32, 32, 32, 32, 32, 32, 32, 32, 32]","[3, 4, 3, 3, 6, 6, 5, 3, 4]",9,10,212.0719
1471,"[6, 2, 5, 1, 5, 4, 3, 4, 6, 3]","[176, 176, 176, 176, 176, 176, 176, 176, 176, 176]","[3, 3, 3, 4, 6, 4, 4, 5, 4, 5]",10,11,246.5023
1472,"[5, 3, 6, 5, 1, 4, 4, 1, 2, 6]","[48, 48, 48, 48, 48, 48, 48, 48, 48, 48]","[4, 6, 5, 4, 5, 5, 6, 5, 6, 5]",10,12,223.7731
1473,"[5, 2, 2, 3]","[32, 32, 32, 32]","[5, 6, 6, 5]",4,13,192.1044
1474,"[4, 1, 2, 6, 5, 4, 2]","[144, 144, 144, 144, 144, 144, 144]","[6, 5, 6, 3, 4, 4, 6]",7,14,231.5571
1475,"[6, 1, 1, 6, 1, 3, 3, 3, 1, 2]","[32, 32, 32, 32, 32, 32, 32, 32, 32, 32]","[6, 4, 5, 5, 6, 6, 3, 6, 5, 3]",10,15,215.773
1476,"[4, 1, 4, 4, 2, 1]","[128, 128, 128, 128, 128, 128]","[4, 6, 3, 5, 4, 5]",6,16,225.0219
1477,"[3, 2, 2, 4, 6, 5, 2]","[240, 240, 240, 240, 240, 240, 240]","[3, 5, 3, 4, 4, 4, 6]",7,17,239.8857
1478,"[2, 1, 6, 6, 4]","[80, 80, 80, 80, 80]","[5, 5, 4, 6, 4]",5,18,211.185
1479,"[1, 1, 3, 3, 5, 1, 4, 2, 6]","[112, 112, 112, 112, 112, 112, 112, 112, 112]","[3, 4, 4, 6, 4, 3, 4, 5, 3]",9,19,231.6368
1480,"[5, 1, 6, 4, 3, 5, 2, 5]","[32, 32, 32, 32, 32, 32, 32, 32]","[5, 4, 5, 6, 5, 5, 3, 4]",8,0,210.5078
1481,"[4, 5, 1, 4, 5, 4, 2, 2, 5]","[96, 96, 96, 96, 96, 96, 96, 96, 96]","[3, 6, 3, 6, 4, 5, 3, 3, 6]",9,1,232.5542
1482,"[6, 5, 5, 2, 5, 5, 3]","[64, 64, 64, 64, 64, 64, 64]","[4, 5, 3, 5, 3, 5, 6]",7,2,219.8656
1483,"[4, 4, 4, 4, 5]","[160, 160, 160, 160, 160]","[4, 3, 5, 6, 3]",5,3,224.2003
1484,"[1, 2, 6, 3, 2, 6, 3, 5, 6, 5]","[128, 128, 128, 128, 128, 128, 128, 128, 128, 128]","[5, 3, 6, 5, 3, 5, 3, 3, 6, 3]",10,4,237.5494
1485,"[4, 4, 2, 4, 5, 5]","[128, 128, 128, 128, 128, 128]","[3, 4, 4, 6, 4, 3]",6,5,225.926
1486,"[2, 6, 6, 1, 3, 4, 3, 3, 3]","[96, 96, 96, 96, 96, 96, 96, 96, 96]","[6, 3, 3, 5, 3, 3, 3, 4, 4]",9,6,231.4809
1487,"[3, 1, 3, 6, 3]","[48, 48, 48, 48, 48]","[4, 6, 3, 3, 4]",5,7,203.6919
1488,"[2, 3, 4, 6, 1, 1]","[32, 32, 32, 32, 32, 32]","[3, 4, 5, 3, 6, 3]",6,8,201.5395
1489,"[1, 6, 3, 3, 1, 3, 2, 1, 4]","[32, 32, 32, 32, 32, 32, 32, 32, 32]","[6, 5, 4, 3, 6, 4, 3, 3, 5]",9,9,210.6642
1490,"[6, 3, 3, 2]","[144, 144, 144, 144]","[5, 4, 6, 5]",4,10,215.9626
1491,"[4, 6, 4, 3, 1, 4, 3, 1, 3, 4]","[96, 96, 96, 96, 96, 96, 96, 96, 96, 96]","[6, 3, 3, 3, 6, 5, 5, 5, 6, 6]",10,11,235.6334
1492,"[6, 5, 2, 4, 4, 6, 1]","[240, 240, 240, 240, 240, 240, 240]","[4, 6, 3, 6, 5, 5, 5]",7,12,241.7112
1493,"[2, 6, 6, 2, 3, 6, 3, 6, 2]","[144, 144, 144, 144, 144, 144, 144, 144, 144]","[3, 5, 3, 6, 6, 5, 3, 5, 5]",9,13,238.5708
1494,"[5, 1, 2, 4, 1, 2]","[176, 176, 176, 176, 176, 176]","[3, 6, 3, 4, 5, 5]",6,14,230.4256
1495,"[2, 3, 5, 3, 5, 2, 6]","[80, 80, 80, 80, 80, 80, 80]","[3, 5, 5, 5, 4, 4, 4]",7,15,221.1888
1496,"[1, 5, 2, 3, 2]","[192, 192, 192, 192, 192]","[5, 6, 3, 3, 5]",5,16,224.0841
1497,"[4, 5, 1, 6, 5, 5, 6, 6]","[176, 176, 176, 176, 176, 176, 176, 176]","[5, 3, 5, 3, 4, 6, 3, 4]",8,17,239.7379
1498,"[5, 6, 5, 4, 1, 5, 3, 1]","[160, 160, 160, 160, 160, 160, 160, 160]","[6, 5, 5, 4, 6, 6, 6, 4]",8,18,238.6189
1499,"[1, 1, 5, 3, 3]","[240, 240, 240, 240, 240]","[6, 5, 6, 6, 4]",5,19,226.9885
1500,"[1, 5, 6, 2, 5, 6, 3, 4, 2]","[240, 240, 240, 240, 240, 240, 240, 240, 240]","[3, 6, 3, 5, 5, 4, 3, 6, 3]",9,0,245.9244
1501,"[2, 5, 4, 4, 2, 5, 4]","[240, 240, 240, 240, 240, 240, 240]","[5, 3, 3, 6, 6, 6, 5]",7,1,239.7102
1502,"[6, 2, 2, 4, 1, 5]","[96, 96, 96, 96, 96, 96]","[4, 3, 3, 4, 6, 5]",6,2,221.4781
1503,"[5, 4, 6, 2]","[160, 160, 160, 160]","[4, 6, 3, 3]",4,3,217.5877
1504,"[5, 4, 4, 3, 2, 1]","[48, 48, 48, 48, 48, 48]","[4, 5, 6, 3, 4, 4]",6,4,210.2022
1505,"[4, 6, 6, 3, 4, 2, 6, 2]","[192, 192, 192, 192, 192, 192, 192, 192]","[5, 3, 6, 4, 4, 4, 3, 4]",8,5,241.4876
1506,"[3, 6, 6, 2]","[128, 128, 128, 128]","[5, 3, 6, 3]",4,6,213.3561
1507,"[1, 6, 3, 4, 6, 6]","[192, 192, 192, 192, 192, 192]","[6, 3, 5, 3, 5, 5]",6,7,230.1615
1508,"[3, 4, 3, 1, 3, 5]","[64, 64, 64, 64, 64, 64]","[3, 6, 6, 5, 6, 5]",6,8,213.7382
1509,"[6, 5, 2, 5, 4, 2, 2, 4, 6, 4]","[240, 240, 240, 240, 240, 240, 240, 240, 240, 240]","[4, 5, 5, 4, 4, 4, 3, 3, 3, 5]",10,9,252.3882
1510,"[2, 5, 4, 2, 6, 5, 4, 4, 3]","[80, 80, 80, 80, 80, 80, 80, 80, 80]","[3, 5, 4, 5, 4, 3, 6, 5, 3]",9,10,228.351
1511,"[3, 1, 2, 2, 4, 1, 5, 5]","[144, 144, 144, 144, 144, 144, 144, 144]","[6, 6, 4, 3, 4, 3, 6, 4]",8,11,234.6388
1512,"[3, 3, 1, 6]","[112, 112, 112, 112]","[3, 4, 3, 4]",4,12,210.676
1513,"[2, 6, 4, 5, 1, 1]","[144, 144, 144, 144, 144, 144]","[4, 4, 6, 3, 4, 6]",6,13,226.5717
1514,"[6, 6, 2, 4, 6, 3, 2, 4, 5]","[96, 96, 96, 96, 96, 96, 96, 96, 96]","[3, 4, 4, 6, 3, 5, 4, 4, 4]",9,14,233.6997
1515,"[4, 1, 6, 2, 6]","[96, 96, 96, 96, 96]","[4, 5, 4, 5, 4]",5,15,215.3133
1516,"[4, 3, 5, 6, 3, 3, 5, 4]","[192, 192, 192, 192, 192, 192, 192, 192]","[3, 5, 6, 4, 4, 3, 6, 5]",8,16,241.1996
1517,"[6, 5, 1, 2, 2, 2, 5, 1, 2, 3]","[32, 32, 32, 32, 32, 32, 32, 32, 32, 32]","[4, 3, 5, 5, 5, 5, 3, 4, 3, 6]",10,17,216.6221
1518,"[3, 5, 3, 1]","[64, 64, 64, 64]","[4, 3, 6, 6]",4,18,202.3616
1519,"[2, 1, 4, 2, 3, 2, 6, 4]","[80, 80, 80, 80, 80, 80, 80, 80]","[5, 3, 4, 4, 4, 3, 3, 5]",8,19,224.0632
1520,"[3, 6, 3, 3, 3, 6, 6, 4]","[48, 48, 48, 48, 48, 48, 48, 48]","[5, 5, 5, 6, 5, 6, 3, 4]",8,0,217.1746
1521,"[1, 6, 3, 2]","[128, 128, 128, 128]","[4, 5, 3, 3]",4,1,211.0067
1522,"[1, 5, 2, 2, 5, 3, 6, 5, 3]","[176, 176, 176, 176, 176, 176, 176, 176, 176]","[5, 5, 5, 4, 3, 5, 3, 3, 5]",9,2,240.3142
1523,"[1, 2, 5, 3, 5, 1, 2, 3, 4, 3]","[32, 32, 32, 32, 32, 32, 32, 32, 32, 32]","[5, 5, 6, 6, 3, 6, 6, 4, 3, 5]",10,3,212.9495
1524,"[3, 1, 2, 4, 2, 3, 2, 1, 4, 3]","[176, 176, 176, 176, 176, 176, 176, 176, 176, 176]","[4, 3, 6, 5, 6, 4, 6, 6, 3, 5]",10,4,244.4217
1525,"[6, 6, 2, 4, 4, 6, 6]","[144, 144, 144, 144, 144, 144, 144]","[6, 5, 4, 4, 5, 6, 3]",7,5,233.4418
1526,"[5, 6, 4, 5, 1]","[176, 176, 176, 176, 176]","[5, 3, 5, 4, 4]",5,6,226.2038
1527,"[1, 1, 5, 3, 3]","[112, 112, 112, 112, 112]","[4, 5, 3, 3, 4]",5,7,214.9021
1528,"[4, 6, 3, 1, 1, 1, 6, 4, 6, 3]","[144, 144, 144, 144, 144, 144, 144, 144, 144, 144]","[3, 6, 4, 5, 5, 3, 6, 4, 4, 4]",10,8,242.4495
1529,"[3, 6, 1, 4, 3]","[80, 80, 80, 80, 80]","[4, 6, 5, 4, 6]",5,9,212.4146
1530,"[1, 5, 1, 2, 1, 4, 4, 2, 2]","[64, 64, 64, 64, 64, 64, 64, 64, 64]","[5, 4, 4, 4, 5, 5, 3, 5, 4]",9,10,222.3362
1531,"[2, 2, 5, 1]","[192, 192, 192, 192]","[5, 5, 6, 5]",4,11,217.9777
1532,"[3, 2, 4, 3, 3, 2, 1]","[160, 160, 160, 160, 160, 160, 160]","[5, 6, 4, 3, 4, 6, 3]",7,12,233.0063
1533,"[2, 4, 4, 3, 6, 6, 1, 1, 1]","[96, 96, 96, 96, 96, 96, 96, 96, 96]","[5, 6, 4, 3, 5, 3, 4, 3, 3]",9,13,231.1923
1534,"[3, 6, 6, 1]","[128, 128, 128, 128]","[4, 5, 4, 6]",4,14,213.2765
1535,"[1, 1, 6, 6, 1, 1, 2, 6]","[80, 80, 80, 80, 80, 80, 80, 80]","[4, 6, 5, 6, 4, 6, 4, 5]",8,15,222.6906
1536,"[2, 1, 4, 6, 3, 2, 4]","[128, 128, 128, 128, 128, 128, 128]","[3, 6, 3, 3, 4, 5, 6]",7,16,228.3026
1537,"[5, 2, 2, 4]","[96, 96, 96, 96]","[6, 3, 3, 5]",4,17,209.2375
1538,"[3, 3, 2, 4, 3, 5, 1, 3]","[64, 64, 64, 64, 64, 64, 64, 64]","[5, 5, 4, 3, 5, 6, 5, 4]",8,18,221.3978
1539,"[6, 2, 1, 4]","[112, 112, 112, 112]","[6, 4, 6, 4]",4,19,211.6905
1540,"[2, 5, 5, 5, 4, 6, 3, 1, 4]","[192, 192, 192, 192, 192, 192, 192, 192, 192]","[6, 6, 5, 3, 4, 4, 6, 6, 4]",9,0,243.5173
1541,"[2, 6, 5, 6, 5, 5, 6, 6, 1, 6]","[144, 144, 144, 144, 144, 144, 144, 144, 144, 144]","[4, 3, 6, 3, 5, 3, 4, 5, 4, 3]",10,1,241.842
1542,"[5, 4, 1, 6, 5, 3, 2, 2, 4]","[96, 96, 96, 96, 96, 96, 96, 96, 96]","[3, 6, 5, 3, 5, 3, 4, 6, 6]",9,2,232.8915
1543,"[2, 3, 1, 4, 6, 1, 4, 4, 2, 6]","[160, 160, 160, 160, 160, 160, 160, 160, 160, 160]","[6, 5, 4, 3, 6, 5, 4, 5, 5, 6]",10,3,242.5594
1544,"[3, 6, 5, 4, 5, 3, 2]","[192, 192, 192, 192, 192, 192, 192]","[5, 4, 6, 3, 4, 5, 3]",7,4,236.9742
1545,"[2, 3, 2, 4, 2, 6, 5, 2]","[240, 240, 240, 240, 240, 240, 240, 240]","[6, 5, 3, 4, 5, 3, 5, 4]",8,5,243.2461
1546,"[6, 1, 1, 2, 6]","[128, 128, 128, 128, 128]","[6, 5, 4, 5, 4]",5,6,220.1436
1547,"[6, 3, 2, 6, 3, 4, 3, 5, 3]","[80, 80, 80, 80, 80, 80, 80, 80, 80]","[6, 4, 6, 4, 4, 6, 5, 4, 5]",9,7,230.1314
1548,"[2, 3, 4, 5, 3, 5]","[128, 128, 128, 128, 128, 128]","[6, 3, 5, 5, 6, 3]",6,8,224.4928
1549,"[5, 4, 5, 3, 3, 2]","[240, 240, 240, 240, 240, 240]","[6, 5, 3, 3, 5, 5]",6,9,236.6547
1550,"[5, 2, 4, 2, 2, 4, 6]","[96, 96, 96, 96, 96, 96, 96]","[5, 6, 6, 4, 3, 6, 4]",7,10,225.6683
1551,"[3, 4, 4, 3]","[176, 176, 176, 176]","[3, 6, 5, 5]",4,11,217.9869
1552,"[6, 3, 4, 2, 2, 5, 1]","[176, 176, 176, 176, 176, 176, 176]","[6, 6, 5, 5, 3, 3, 4]",7,12,236.1787
1553,"[3, 3, 5, 1, 6, 6]","[144, 144, 144, 144, 144, 144]","[5, 3, 3, 5, 6, 4]",6,13,227.1153
1554,"[2, 3, 6, 5, 1]","[128, 128, 128, 128, 128]","[5, 3, 4, 6, 3]",5,14,218.9937
1555,"[4, 3, 1, 6, 3, 1, 4]","[32, 32, 32, 32, 32, 32, 32]","[4, 5, 5, 6, 6, 3, 6]",7,15,206.7425
1556,"[5, 2, 6, 4, 3, 6]","[128, 128, 128, 128, 128, 128]","[4, 5, 4, 3, 3, 6]",6,16,226.2098
1557,"[2, 6, 4, 6, 5, 2, 1, 6, 5, 6]","[160, 160, 160, 160, 160, 160, 160, 160, 160, 160]","[6, 3, 5, 3, 5, 4, 3, 5, 5, 3]",10,17,243.419
1558,"[6, 2, 5, 1, 3]","[48, 48, 48, 48, 48]","[3, 5, 3, 5, 5]",5,18,205.1745
1559,"[1, 5, 1, 4, 4, 5, 2, 2]","[192, 192, 192, 192, 192, 192, 192, 192]","[6, 4, 5, 4, 6, 6, 4, 6]",8,19,238.1965
1560,"[1, 5, 4, 4, 5, 5, 5, 4, 1]","[160, 160, 160, 160, 160, 160, 160, 160, 160]","[4, 5, 3, 5, 4, 4, 4, 5, 5]",9,0,238.9571
1561,"[2, 5, 4, 5, 4, 5, 1, 5]","[96, 96, 96, 96, 96, 96, 96, 96]","[4, 6, 4, 4, 4, 5, 6, 6]",8,1,228.289
1562,"[2, 3, 6, 5, 4, 6, 1]","[112, 112, 112, 112, 112, 112, 112]","[5, 4, 4, 3, 6, 3, 3]",7,2,226.8603
1563,"[4, 4, 2, 5, 2, 2, 4, 6]","[80, 80, 80, 80, 80, 80, 80, 80]","[3, 6, 5, 4, 5, 3, 3, 3]",8,3,226.1226
1564,"[1, 6, 1, 5, 1]","[128, 128, 128, 128, 128]","[4, 5, 3, 5, 3]",5,4,217.5572
1565,"[2, 6, 5, 4, 2, 5, 6, 6, 2, 3]","[32, 32, 32, 32, 32, 32, 32, 32, 32, 32]","[5, 4, 3, 4, 5, 6, 5, 4, 4, 4]",10,5,215.3068
1566,"[4, 4, 2, 2, 2, 6, 2, 6, 6, 4]","[176, 176, 176, 176, 176, 176, 176, 176, 176, 176]","[4, 6, 5, 6, 3, 5, 5, 3, 3, 6]",10,6,245.9271
1567,"[4, 2, 1, 2, 2, 2, 6, 6, 3, 3]","[240, 240, 240, 240, 240, 240, 240, 240, 240, 240]","[5, 4, 3, 6, 6, 4, 4, 3, 5, 4]",10,7,250.67
1568,"[3, 1, 4, 4]","[48, 48, 48, 48]","[5, 4, 5, 5]",4,8,197.2321
1569,"[4, 4, 3, 1, 2, 6, 6, 5]","[48, 48, 48, 48, 48, 48, 48, 48]","[4, 6, 5, 5, 4, 5, 6, 4]",8,9,217.4964
1570,"[5, 4, 2, 3, 4]","[176, 176, 176, 176, 176]","[3, 6, 6, 4, 5]",5,10,225.8575
1571,"[1, 6, 1, 2, 4, 5, 6, 6]","[96, 96, 96, 96, 96, 96, 96, 96]","[5, 6, 4, 4, 4, 4, 5, 5]",8,11,226.6212
1572,"[6, 5, 5, 6, 1, 1]","[176, 176, 176, 176, 176, 176]","[6, 4, 3, 3, 4, 4]",6,12,231.9903
1573,"[4, 5, 1, 2]","[192, 192, 192, 192]","[6, 6, 3, 3]",4,13,219.625
1574,"[2, 1, 5, 5, 4, 1, 2]","[64, 64, 64, 64, 64, 64, 64]","[4, 5, 6, 4, 6, 4, 3]",7,14,216.6606
1575,"[3, 5, 5, 3, 6, 5]","[32, 32, 32, 32, 32, 32]","[3, 4, 4, 4, 4, 5]",6,15,203.0376
1576,"[5, 1, 4, 2, 1, 6, 4]","[112, 112, 112, 112, 112, 112, 112]","[5, 3, 6, 6, 6, 5, 3]",7,16,227.6858
1577,"[2, 4, 3, 6, 3]","[48, 48, 48, 48, 48]","[3, 5, 5, 6, 4]",5,17,203.5596
1578,"[1, 1, 2, 4, 2, 1, 6, 5, 5]","[96, 96, 96, 96, 96, 96, 96, 96, 96]","[6, 4, 4, 6, 4, 4, 5, 3, 5]",9,18,228.9317
1579,"[2, 1, 6, 6, 6, 1]","[160, 160, 160, 160, 160, 160]","[6, 5, 6, 3, 3, 6]",6,19,227.5514
1580,"[4, 2, 6, 2, 6, 2]","[64, 64, 64, 64, 64, 64]","[6, 6, 3, 4, 4, 3]",6,0,214.1581
1581,"[2, 3, 5, 5]","[192, 192, 192, 192]","[4, 5, 4, 6]",4,1,218.5188
1582,"[5, 2, 2, 1, 4]","[144, 144, 144, 144, 144]","[5, 6, 5, 3, 4]",5,2,222.0636
1583,"[4, 5, 1, 2, 4, 2, 4, 5, 5, 6]","[96, 96, 96, 96, 96, 96, 96, 96, 96, 96]","[4, 3, 4, 3, 5, 6, 5, 3, 6, 6]",10,3,235.3893
1584,"[4, 1, 2, 3, 5, 1, 3]","[160, 160, 160, 160, 160, 160, 160]","[5, 5, 6, 4, 4, 5, 5]",7,4,233.116
1585,"[3, 4, 3, 1, 1, 6, 5, 4, 3]","[240, 240, 240, 240, 240, 240, 240, 240, 240]","[3, 6, 4, 5, 5, 4, 4, 5, 3]",9,5,247.5517
1586,"[3, 1, 3, 6, 5, 2, 6]","[176, 176, 176, 176, 176, 176, 176]","[4, 6, 3, 5, 6, 6, 4]",7,6,234.4668
1587,"[1, 6, 3, 4, 2, 5, 6, 3, 5]","[112, 112, 112, 112, 112, 112, 112, 112, 112]","[5, 6, 3, 4, 5, 5, 5, 6, 5]",9,7,232.753
1588,"[2, 3, 5, 1, 6, 4, 6, 5, 1]","[128, 128, 128, 128, 128, 128, 128, 128, 128]","[3, 3, 3, 6, 4, 3, 4, 5, 5]",9,8,236.0106
1589,"[4, 4, 2, 5, 6, 5, 1, 6, 5]","[240, 240, 240, 240, 240, 240, 240, 240, 240]","[5, 4, 3, 3, 4, 4, 6, 4, 6]",9,9,248.4341
1590,"[1, 2, 4, 4]","[192, 192, 192, 192]","[5, 3, 4, 5]",4,10,216.787
1591,"[5, 1, 2, 3, 5, 2, 1, 1, 4, 3]","[96, 96, 96, 96, 96, 96, 96, 96, 96, 96]","[3, 5, 4, 3, 5, 5, 4, 5, 3, 5]",10,11,234.8767
1592,"[2, 4, 1, 5]","[32, 32, 32, 32]","[4, 5, 6, 5]",4,12,190.7039
1593,"[1, 4, 5, 1]","[48, 48, 48, 48]","[6, 4, 4, 3]",4,13,195.8048
1594,"[6, 5, 4, 5, 5]","[128, 128, 128, 128, 128]","[4, 4, 4, 5, 3]",5,14,221.6569
1595,"[1, 4, 3, 4, 3, 4]","[48, 48, 48, 48, 48, 48]","[6, 5, 4, 4, 4, 6]",6,15,207.1416
1596,"[3, 4, 1, 5, 6, 1, 3, 4, 5, 3]","[80, 80, 80, 80, 80, 80, 80, 80, 80, 80]","[3, 3, 6, 4, 4, 5, 3, 6, 5, 6]",10,16,231.4654
1597,"[2, 6, 3, 4, 1, 2, 1, 5, 1, 2]","[48, 48, 48, 48, 48, 48, 48, 48, 48, 48]","[4, 5, 3, 5, 5, 6, 6, 6, 4, 4]",10,17,221.8726
1598,"[3, 6, 5, 1, 1, 4, 4, 1, 4]","[144, 144, 144, 144, 144, 144, 144, 144, 144]","[5, 6, 5, 6, 6, 5, 3, 3, 4]",9,18,238.9497
1599,"[5, 2, 3, 3, 6, 1]","[64, 64, 64, 64, 64, 64]","[5, 6, 6, 4, 6, 4]",6,19,214.3928
1600,"[1, 5, 4, 3, 5]","[112, 112, 112, 112, 112]","[4, 6, 3, 6, 5]",5,0,215.8094
1601,"[4, 6, 3, 6, 1, 5, 5, 3]","[48, 48, 48, 48, 48, 48, 48, 48]","[6, 6, 3, 3, 4, 6, 5, 4]",8,1,217.9201
1602,"[6, 1, 5, 6, 2, 5, 6, 4]","[80, 80, 80, 80, 80, 80, 80, 80]","[3, 4, 6, 6, 3, 4, 3, 3]",8,2,226.5223
1603,"[6, 5, 3, 2, 4]","[160, 160, 160, 160, 160]","[5, 5, 5, 3, 5]",5,3,224.9252
1604,"[1, 1, 1, 2]","[176, 176, 176, 176]","[6, 6, 6, 6]",4,4,214.5301
1605,"[4, 3, 2, 5, 1]","[176, 176, 176, 176, 176]","[4, 6, 3, 4, 6]",5,5,225.1799
1606,"[5, 2, 1, 3]","[176, 176, 176, 176]","[5, 3, 4, 3]",4,6,218.2412
1607,"[3, 5, 3, 1, 1, 2, 2]","[160, 160, 160, 160, 160, 160, 160]","[6, 4, 6, 5, 5, 6, 4]",7,7,233.1704
1608,"[6, 2, 6, 4, 4]","[48, 48, 48, 48, 48]","[4, 3, 3, 4, 6]",5,8,205.6238
1609,"[6, 2, 2, 6, 1, 2, 2, 1, 3, 1]","[32, 32, 32, 32, 32, 32, 32, 32, 32, 32]","[6, 3, 3, 6, 5, 6, 4, 3, 3, 5]",10,9,216.1368
1610,"[2, 4, 5, 3, 3, 2, 3]","[128, 128, 128, 128, 128, 128, 128]","[5, 4, 5, 6, 6, 5, 4]",7,10,229.0292
1611,"[3, 4, 6, 2, 6, 4, 5, 5, 4]","[176, 176, 176, 176, 176, 176, 176, 176, 176]","[3, 3, 5, 3, 4, 3, 4, 5, 6]",9,11,242.7185
1612,"[4, 5, 5, 3, 5, 4, 5]","[176, 176, 176, 176, 176, 176, 176]","[5, 6, 3, 3, 5, 6, 4]",7,12,236.0388
1613,"[6, 6, 2, 2, 5, 5]","[112, 112, 112, 112, 112, 112]","[6, 4, 4, 3, 6, 4]",6,13,224.6365
1614,"[2, 3, 2, 5, 4, 1, 5, 1, 4]","[32, 32, 32, 32, 32, 32, 32, 32, 32]","[3, 5, 3, 3, 3, 4, 4, 4, 4]",9,14,211.7886
1615,"[1, 5, 6, 5, 1]","[64, 64, 64, 64, 64]","[6, 4, 4, 6, 4]",5,15,206.8567
1616,"[6, 1, 3, 4, 4, 4, 2, 1, 5, 5]","[128, 128, 128, 128, 128, 128, 128, 128, 128, 128]","[3, 3, 6, 5, 3, 3, 3, 6, 4, 4]",10,16,240.4943
1617,"[1, 4, 5, 6, 5, 5, 2, 3]","[96, 96, 96, 96, 96, 96, 96, 96]","[6, 3, 4, 4, 3, 5, 4, 4]",8,17,226.915
1618,"[2, 3, 5, 2]","[64, 64, 64, 64]","[5, 6, 4, 4]",4,18,201.342
1619,"[2, 6, 5, 4]","[128, 128, 128, 128]","[5, 3, 4, 5]",4,19,212.6207
1620,"[5, 1, 5, 3]","[96, 96, 96, 96]","[5, 4, 4, 5]",4,0,209.0045
1621,"[2, 2, 6, 1, 1, 5, 1, 6]","[112, 112, 112, 112, 112, 112, 112, 112]","[6, 4, 5, 3, 3, 5, 3, 5]",8,1,229.9399
1622,"[3, 1, 5, 2, 1, 5, 4, 2, 1]","[144, 144, 144, 144, 144, 144, 144, 144, 144]","[5, 5, 5, 4, 6, 3, 6, 3, 5]",9,2,237.9699
1623,"[1, 5, 4, 5, 3]","[64, 64, 64, 64, 64]","[4, 3, 5, 3, 3]",5,3,206.9787
1624,"[6, 3, 4, 4, 2]","[96, 96, 96, 96, 96]","[6, 5, 4, 3, 6]",5,4,216.6333
1625,"[6, 6, 2, 1, 5]","[64, 64, 64, 64, 64]","[5, 3, 3, 4, 3]",5,5,210.1646
1626,"[2, 4, 3, 3, 1]","[128, 128, 128, 128, 128]","[6, 5, 5, 4, 5]",5,6,218.8829
1627,"[6, 5, 2, 3, 2, 4, 6, 2, 3]","[48, 48, 48, 48, 48, 48, 48, 48, 48]","[6, 3, 4, 4, 3, 5, 5, 4, 4]",9,7,221.5174
1628,"[6, 1, 6, 5, 1, 6, 3]","[160, 160, 160, 160, 160, 160, 160]","[4, 6, 6, 6, 3, 3, 3]",7,8,234.236
1629,"[6, 6, 2, 2, 3, 6, 5, 5, 2, 4]","[32, 32, 32, 32, 32, 32, 32, 32, 32, 32]","[4, 6, 5, 3, 4, 3, 4, 5, 3, 6]",10,9,217.2286
1630,"[2, 1, 5, 6, 4, 3, 4, 2, 2]","[128, 128, 128, 128, 128, 128, 128, 128, 128]","[3, 5, 4, 4, 6, 4, 5, 3, 6]",9,10,235.5404
1631,"[6, 6, 6, 5, 1, 2]","[32, 32, 32, 32, 32, 32]","[4, 5, 4, 4, 3, 3]",6,11,204.3663
1632,"[6, 2, 1, 2]","[192, 192, 192, 192]","[4, 4, 3, 5]",4,12,219.8989
1633,"[5, 3, 2, 6]","[64, 64, 64, 64]","[5, 6, 4, 5]",4,13,203.1058
1634,"[5, 4, 2, 1]","[160, 160, 160, 160]","[5, 6, 4, 4]",4,14,217.1764
1635,"[1, 6, 5, 1, 1, 6, 5]","[128, 128, 128, 128, 128, 128, 128]","[5, 5, 5, 3, 4, 3, 5]",7,15,227.6662
1636,"[6, 2, 4, 6, 6, 2, 4]","[240, 240, 240, 240, 240, 240, 240]","[4, 4, 4, 5, 5, 4, 3]",7,16,241.4908
1637,"[4, 3, 3, 4]","[80, 80, 80, 80]","[4, 4, 4, 6]",4,17,206.3407
1638,"[1, 3, 1, 4, 2, 4, 1, 4]","[96, 96, 96, 96, 96, 96, 96, 96]","[6, 4, 5, 5, 5, 5, 6, 6]",8,18,226.0577
1639,"[5, 2, 1, 6, 6, 5, 2, 5, 6, 5]","[48, 48, 48, 48, 48, 48, 48, 48, 48, 48]","[5, 4, 3, 6, 3, 5, 6, 5, 6, 6]",10,19,223.3685
1640,"[3, 3, 4, 3, 3, 5, 1, 1, 3]","[144, 144, 144, 144, 144, 144, 144, 144, 144]","[4, 6, 6, 3, 4, 6, 4, 6, 5]",9,0,238.775
1641,"[1, 3, 2, 5, 3, 5]","[80, 80, 80, 80, 80, 80]","[3, 3, 4, 3, 6, 5]",6,1,215.2435
1642,"[6, 2, 2, 2, 6]","[96, 96, 96, 96, 96]","[6, 3, 5, 6, 5]",5,2,216.244
1643,"[2, 6, 1, 2, 3]","[96, 96, 96, 96, 96]","[6, 6, 5, 5, 5]",5,3,214.4139
1644,"[1, 2, 3, 5, 1]","[64, 64, 64, 64, 64]","[6, 4, 5, 3, 6]",5,4,206.1166
1645,"[1, 6, 4, 5, 1, 3, 6, 2, 3]","[64, 64, 64, 64, 64, 64, 64, 64, 64]","[3, 5, 5, 3, 3, 6, 3, 6, 4]",9,5,222.9833
1646,"[5, 3, 1, 2, 3, 5, 2, 6, 1, 5]","[64, 64, 64, 64, 64, 64, 64, 64, 64, 64]","[4, 6, 6, 5, 6, 5, 3, 5, 5, 4]",10,6,228.225
1647,"[1, 6, 3, 1, 3, 4]","[80, 80, 80, 80, 80, 80]","[4, 4, 5, 5, 3, 5]",6,7,215.5447
1648,"[6, 5, 6, 5, 2, 3, 2, 4]","[48, 48, 48, 48, 48, 48, 48, 48]","[5, 4, 4, 5, 3, 4, 5, 4]",8,8,218.6161
1649,"[3, 1, 3, 6, 5]","[240, 240, 240, 240, 240]","[4, 5, 5, 4, 5]",5,9,229.2409
1650,"[5, 3, 1, 3]","[80, 80, 80, 80]","[4, 6, 3, 3]",4,10,206.397
1651,"[5, 4, 4, 6, 3, 4, 1, 6]","[160, 160, 160, 160, 160, 160, 160, 160]","[3, 4, 3, 3, 6, 6, 6, 5]",8,11,238.584
1652,"[3, 2, 6, 1, 1]","[144, 144, 144, 144, 144]","[6, 4, 4, 3, 5]",5,12,221.2221
1653,"[6, 2, 2, 3, 5, 1, 5]","[32, 32, 32, 32, 32, 32, 32]","[6, 5, 4, 3, 4, 5, 6]",7,13,207.3881
1654,"[1, 2, 3, 3]","[80, 80, 80, 80]","[4, 6, 5, 6]",4,14,203.2377
1655,"[3, 4, 2, 4, 1, 3, 5, 1]","[64, 64, 64, 64, 64, 64, 64, 64]","[4, 4, 4, 4, 3, 5, 6, 5]",8,15,221.6601
1656,"[6, 6, 4, 1, 1, 2, 6, 4, 3, 6]","[144, 144, 144, 144, 144, 144, 144, 144, 144, 144]","[3, 4, 5, 4, 4, 6, 6, 5, 6, 4]",10,16,243.3985
1657,"[5, 6, 3, 4]","[48, 48, 48, 48]","[4, 5, 3, 6]",4,17,199.2763
1658,"[5, 5, 5, 3, 5, 3, 1, 1, 5, 6]","[96, 96, 96, 96, 96, 96, 96, 96, 96, 96]","[6, 5, 5, 5, 3, 3, 5, 3, 4, 5]",10,18,236.1514
1659,"[1, 3, 1, 1, 1, 1, 6, 2]","[128, 128, 128, 128, 128, 128, 128, 128]","[3, 6, 3, 5, 6, 3, 5, 5]",8,19,230.4807
1660,"[4, 2, 2, 1, 2, 3]","[48, 48, 48, 48, 48, 48]","[4, 6, 5, 3, 5, 6]",6,0,209.1515
1661,"[6, 4, 1, 2, 1, 6]","[240, 240, 240, 240, 240, 240]","[3, 4, 3, 6, 4, 3]",6,1,236.4877
1662,"[5, 1, 3, 6, 3]","[128, 128, 128, 128, 128]","[3, 5, 4, 3, 4]",5,2,220.1794
1663,"[5, 5, 5, 3]","[240, 240, 240, 240]","[6, 6, 3, 6]",4,3,223.9787
1664,"[1, 6, 4, 6, 3, 1, 1]","[160, 160, 160, 160, 160, 160, 160]","[6, 6, 6, 5, 5, 5, 6]",7,4,231.4332
1665,"[4, 2, 1, 2, 4]","[192, 192, 192, 192, 192]","[3, 6, 6, 4, 3]",5,5,226.1784
1666,"[1, 2, 1, 2]","[112, 112, 112, 112]","[5, 6, 3, 5]",4,6,207.975
1667,"[5, 6, 1, 6, 6, 6, 3, 4, 3, 2]","[96, 96, 96, 96, 96, 96, 96, 96, 96, 96]","[4, 4, 6, 6, 5, 4, 4, 6, 5, 5]",10,7,236.1619
1668,"[5, 1, 2, 5, 5, 1, 2, 4, 4]","[144, 144, 144, 144, 144, 144, 144, 144, 144]","[3, 6, 6, 3, 3, 3, 5, 4, 5]",9,8,239.1329
1669,"[6, 5, 5, 6, 3]","[64, 64, 64, 64, 64]","[6, 3, 5, 3, 5]",5,9,210.5245
1670,"[5, 2, 2, 4, 6, 1, 3, 1, 3, 2]","[160, 160, 160, 160, 160, 160, 160, 160, 160, 160]","[4, 6, 4, 3, 3, 3, 4, 5, 4, 4]",10,10,244.1957
1671,"[6, 1, 1, 1, 2]","[240, 240, 240, 240, 240]","[5, 3, 4, 6, 6]",5,11,229.9002
1672,"[4, 3, 3, 3, 5]","[112, 112, 112, 112, 112]","[5, 3, 4, 4, 3]",5,12,218.2256
1673,"[6, 1, 3, 2, 2, 2, 2]","[240, 240, 240, 240, 240, 240, 240]","[3, 5, 3, 3, 4, 6, 5]",7,13,240.6175
1674,"[4, 3, 1, 6, 2, 2]","[176, 176, 176, 176, 176, 176]","[3, 4, 4, 4, 3, 4]",6,14,230.619
1675,"[3, 5, 5, 3, 2, 6, 1, 1]","[160, 160, 160, 160, 160, 160, 160, 160]","[3, 4, 3, 3, 3, 6, 6, 4]",8,15,237.4936
1676,"[5, 1, 2, 5, 3, 3, 5, 5, 2]","[112, 112, 112, 112, 112, 112, 112, 112, 112]","[4, 6, 3, 6, 4, 3, 6, 5, 5]",9,16,234.8537
1677,"[3, 2, 5, 5, 4, 2, 1]","[80, 80, 80, 80, 80, 80, 80]","[3, 6, 5, 6, 5, 3, 3]",7,17,221.6218
1678,"[1, 4, 4, 1, 1]","[160, 160, 160, 160, 160]","[3, 3, 4, 4, 5]",5,18,220.9619
1679,"[3, 4, 3, 5, 5, 3]","[96, 96, 96, 96, 96, 96]","[5, 4, 5, 5, 3, 5]",6,19,220.7733
1680,"[1, 4, 5, 5, 3, 3, 4, 6, 2]","[48, 48, 48, 48, 48, 48, 48, 48, 48]","[4, 3, 4, 3, 5, 5, 3, 4, 5]",9,0,218.165
1681,"[6, 4, 5, 5, 6, 3]","[176, 176, 176, 176, 176, 176]","[6, 6, 5, 5, 4, 3]",6,1,232.1565
1682,"[4, 3, 1, 3, 5, 1, 1, 4, 4, 2]","[176, 176, 176, 176, 176, 176, 176, 176, 176, 176]","[5, 6, 4, 5, 6, 3, 4, 3, 3, 4]",10,2,245.4187
1683,"[3, 2, 4, 6, 3, 1, 2, 6]","[192, 192, 192, 192, 192, 192, 192, 192]","[6, 6, 6, 3, 4, 3, 4, 5]",8,3,240.1834
1684,"[4, 4, 4, 3, 6, 1]","[48, 48, 48, 48, 48, 48]","[6, 3, 6, 4, 4, 3]",6,4,210.0023
1685,"[3, 6, 1, 3, 5, 2, 2, 3]","[80, 80, 80, 80, 80, 80, 80, 80]","[6, 3, 3, 5, 4, 4, 4, 3]",8,5,225.5126
1686,"[5, 1, 3, 5]","[80, 80, 80, 80]","[4, 3, 3, 3]",4,6,206.1384
1687,"[3, 4, 6, 4, 3]","[128, 128, 128, 128, 128]","[4, 3, 5, 5, 5]",5,7,220.1127
1688,"[3, 3, 4, 1, 6, 4, 5]","[96, 96, 96, 96, 96, 96, 96]","[4, 5, 3, 4, 4, 3, 5]",7,8,224.8941
1689,"[5, 3, 6, 1, 5, 5, 6]","[48, 48, 48, 48, 48, 48, 48]","[5, 6, 5, 5, 4, 3, 5]",7,9,214.3597
1690,"[6, 6, 5, 4, 1]","[32, 32, 32, 32, 32]","[6, 5, 3, 4, 3]",5,10,199.3517
1691,"[3, 4, 4, 6, 4, 5, 1, 6, 2]","[96, 96, 96, 96, 96, 96, 96, 96, 96]","[6, 3, 3, 6, 5, 3, 4, 3, 5]",9,11,232.2464
1692,"[5, 4, 5, 5, 2, 5, 3, 4, 2, 6]","[128, 128, 128, 128, 128, 128, 128, 128, 128, 128]","[4, 6, 3, 5, 5, 4, 5, 4, 4, 4]",10,12,241.169
1693,"[4, 5, 4, 3, 6, 2, 5, 5, 3]","[192, 192, 192, 192, 192, 192, 192, 192, 192]","[6, 3, 4, 3, 4, 6, 3, 6, 5]",9,13,244.8373
1694,"[1, 2, 3, 5, 6, 5, 1, 5, 5, 4]","[128, 128, 128, 128, 128, 128, 128, 128, 128, 128]","[4, 5, 4, 6, 4, 5, 6, 3, 4, 6]",10,14,237.5046
1695,"[6, 2, 6, 6, 1, 5, 2]","[160, 160, 160, 160, 160, 160, 160]","[3, 6, 5, 4, 5, 5, 4]",7,15,234.6231
1696,"[2, 2, 4, 4, 4, 2, 1]","[144, 144, 144, 144, 144, 144, 144]","[6, 4, 6, 4, 4, 3, 3]",7,16,230.5726
1697,"[3, 5, 1, 4, 3, 1, 5]","[160, 160, 160, 160, 160, 160, 160]","[3, 4, 6, 3, 3, 6, 4]",7,17,233.3017
1698,"[1, 3, 1, 4, 2, 2, 4, 3, 1, 4]","[96, 96, 96, 96, 96, 96, 96, 96, 96, 96]","[6, 6, 4, 3, 4, 5, 5, 4, 5, 5]",10,18,232.1895
1699,"[5, 2, 5, 4, 1, 1, 6, 5, 3, 2]","[32, 32, 32, 32, 32, 32, 32, 32, 32, 32]","[6, 5, 5, 5, 3, 6, 6, 5, 3, 3]",10,19,216.1199
1700,"[6, 6, 6, 5]","[32, 32, 32, 32]","[3, 4, 6, 4]",4,0,193.5982
1701,"[4, 4, 4, 2, 3, 4, 5, 4, 3]","[32, 32, 32, 32, 32, 32, 32, 32, 32]","[3, 4, 3, 6, 5, 4, 3, 3, 6]",9,1,213.6291
1702,"[5, 2, 3, 1, 5, 4, 4, 6]","[80, 80, 80, 80, 80, 80, 80, 80]","[3, 3, 6, 5, 3, 6, 4, 5]",8,2,226.1764
1703,"[2, 4, 4, 2, 5, 4]","[64, 64, 64, 64, 64, 64]","[3, 6, 3, 3, 4, 3]",6,3,213.207
1704,"[5, 5, 4, 3, 1, 6, 3]","[32, 32, 32, 32, 32, 32, 32]","[5, 6, 3, 5, 3, 5, 5]",7,4,207.641
1705,"[6, 2, 4, 6, 6, 4]","[32, 32, 32, 32, 32, 32]","[6, 3, 4, 5, 6, 4]",6,5,203.8186
1706,"[3, 2, 6, 6, 2, 4, 1]","[48, 48, 48, 48, 48, 48, 48]","[5, 6, 4, 4, 5, 3, 6]",7,6,213.159
1707,"[6, 6, 2, 2, 6]","[160, 160, 160, 160, 160]","[3, 4, 4, 3, 5]",5,7,224.9635
1708,"[5, 6, 6, 2, 6, 4, 4, 3, 5, 5]","[64, 64, 64, 64, 64, 64, 64, 64, 64, 64]","[6, 6, 5, 3, 3, 6, 3, 6, 6, 3]",10,8,229.1724
1709,"[5, 6, 6, 6, 1, 3, 5]","[240, 240, 240, 240, 240, 240, 240]","[4, 4, 4, 5, 5, 5, 5]",7,9,241.7038
1710,"[1, 5, 4, 5, 5, 3, 5, 4]","[144, 144, 144, 144, 144, 144, 144, 144]","[3, 5, 6, 6, 4, 3, 4, 4]",8,10,233.8026
1711,"[5, 3, 2, 6, 2, 5, 4, 5, 5, 5]","[192, 192, 192, 192, 192, 192, 192, 192, 192, 192]","[5, 5, 3, 4, 3, 6, 4, 6, 4, 6]",10,11,247.9287
1712,"[6, 2, 1, 3, 2, 1, 6, 6, 6, 1]","[176, 176, 176, 176, 176, 176, 176, 176, 176, 176]","[5, 6, 4, 4, 6, 5, 3, 5, 6, 4]",10,12,246.0416
1713,"[6, 6, 5, 2, 2, 5, 3, 2]","[160, 160, 160, 160, 160, 160, 160, 160]","[5, 3, 6, 4, 5, 6, 6, 6]",8,13,239.0343
1714,"[3, 3, 5, 5, 6, 4, 1, 5, 1, 5]","[80, 80, 80, 80, 80, 80, 80, 80, 80, 80]","[5, 6, 6, 3, 3, 5, 3, 5, 4, 4]",10,14,231.7659
1715,"[5, 6, 5, 4, 3, 2, 3]","[144, 144, 144, 144, 144, 144, 144]","[5, 5, 4, 6, 3, 6, 3]",7,15,233.0646
1716,"[6, 3, 6, 6]","[192, 192, 192, 192]","[5, 5, 6, 4]",4,16,220.7729
1717,"[6, 2, 1, 6, 4, 6, 1]","[160, 160, 160, 160, 160, 160, 160]","[5, 3, 4, 3, 5, 6, 6]",7,17,234.3163
1718,"[1, 6, 4, 5, 5, 3]","[112, 112, 112, 112, 112, 112]","[5, 6, 6, 4, 5, 4]",6,18,221.321
1719,"[1, 2, 1, 5, 3, 2, 6, 3]","[176, 176, 176, 176, 176, 176, 176, 176]","[6, 5, 3, 6, 3, 5, 5, 5]",8,19,236.1778
1720,"[6, 6, 1, 2, 5, 3, 5]","[96, 96, 96, 96, 96, 96, 96]","[4, 3, 6, 3, 3, 4, 5]",7,0,226.3929
1721,"[2, 6, 5, 5, 1, 4, 1, 5, 5, 6]","[64, 64, 64, 64, 64, 64, 64, 64, 64, 64]","[5, 4, 6, 5, 3, 3, 4, 5, 5, 6]",10,1,227.2401
1722,"[5, 1, 6, 2, 3, 6]","[240, 240, 240, 240, 240, 240]","[4, 6, 3, 4, 3, 6]",6,2,235.9378
1723,"[1, 3, 4, 1, 6, 2, 4, 5, 5, 3]","[64, 64, 64, 64, 64, 64, 64, 64, 64, 64]","[5, 6, 4, 6, 4, 5, 3, 5, 6, 3]",10,3,225.2677
1724,"[1, 6, 1, 2, 4, 5, 4, 2, 1]","[128, 128, 128, 128, 128, 128, 128, 128, 128]","[3, 4, 3, 4, 3, 4, 5, 5, 6]",9,4,234.6108
1725,"[3, 1, 3, 4, 2, 1, 5, 4]","[144, 144, 144, 144, 144, 144, 144, 144]","[5, 5, 6, 5, 5, 6, 5, 4]",8,5,234.6507
1726,"[1, 6, 4, 6]","[160, 160, 160, 160]","[6, 6, 3, 6]",4,6,214.6249
1727,"[3, 1, 3, 5, 4]","[112, 112, 112, 112, 112]","[4, 4, 3, 3, 5]",5,7,217.1111
1728,"[5, 1, 4, 2, 5, 2]","[48, 48, 48, 48, 48, 48]","[6, 3, 6, 3, 5, 4]",6,8,209.6025
1729,"[5, 4, 1, 3, 4]","[160, 160, 160, 160, 160]","[6, 6, 5, 5, 6]",5,9,224.1169
1730,"[1, 3, 1, 1, 1, 6, 2]","[32, 32, 32, 32, 32, 32, 32]","[5, 3, 3, 3, 3, 6, 4]",7,10,203.4988
1731,"[5, 6, 4, 5, 5, 6, 5, 1, 6]","[80, 80, 80, 80, 80, 80, 80, 80, 80]","[4, 3, 3, 4, 4, 4, 3, 5, 4]",9,11,230.4146
1732,"[3, 5, 3, 3, 1, 6, 3]","[96, 96, 96, 96, 96, 96, 96]","[4, 5, 3, 6, 6, 6, 3]",7,12,225.0732
1733,"[4, 6, 1, 2, 2, 2, 2, 6]","[144, 144, 144, 144, 144, 144, 144, 144]","[3, 4, 5, 3, 3, 3, 3, 5]",8,13,235.9748
1734,"[5, 3, 3, 6, 3]","[176, 176, 176, 176, 176]","[5, 5, 4, 3, 4]",5,14,225.9053
1735,"[6, 2, 6, 3, 2, 3, 2, 2, 2, 6]","[128, 128, 128, 128, 128, 128, 128, 128, 128, 128]","[3, 5, 5, 4, 4, 5, 5, 4, 5, 3]",10,15,240.9071
1736,"[2, 5, 5, 2, 4]","[112, 112, 112, 112, 112]","[5, 4, 6, 5, 3]",5,16,217.1725
1737,"[1, 4, 5, 3, 4, 3, 1]","[48, 48, 48, 48, 48, 48, 48]","[5, 3, 3, 5, 3, 5, 4]",7,17,211.2308
1738,"[2, 4, 6, 6, 5, 1, 3, 2]","[128, 128, 128, 128, 128, 128, 128, 128]","[4, 4, 5, 3, 3, 3, 6, 6]",8,18,233.0348
1739,"[3, 2, 3, 6, 4]","[32, 32, 32, 32, 32]","[6, 4, 5, 5, 3]",5,19,197.5137
1740,"[6, 2, 1, 3, 1, 4]","[144, 144, 144, 144, 144, 144]","[6, 3, 3, 4, 4, 5]",6,0,227.8057
1741,"[6, 2, 4, 2, 4, 1]","[176, 176, 176, 176, 176, 176]","[3, 6, 4, 4, 4, 4]",6,1,231.3736
1742,"[3, 5, 4, 2, 4]","[240, 240, 240, 240, 240]","[3, 6, 5, 5, 3]",5,2,230.0354
1743,"[1, 2, 1, 4, 3, 4, 3, 4]","[144, 144, 144, 144, 144, 144, 144, 144]","[6, 4, 6, 6, 4, 6, 6, 6]",8,3,232.8202
1744,"[5, 5, 2, 4, 6]","[80, 80, 80, 80, 80]","[3, 4, 5, 5, 4]",5,4,213.6017
1745,"[2, 5, 2, 4, 2]","[64, 64, 64, 64, 64]","[3, 5, 5, 3, 5]",5,5,207.9795
1746,"[6, 1, 5, 4, 4]","[144, 144, 144, 144, 144]","[3, 3, 4, 6, 6]",5,6,222.5748
1747,"[6, 3, 2, 2, 1, 5, 2]","[128, 128, 128, 128, 128, 128, 128]","[3, 5, 4, 3, 3, 4, 5]",7,7,230.6454
1748,"[6, 6, 1, 1, 3, 2, 1, 4, 3]","[48, 48, 48, 48, 48, 48, 48, 48, 48]","[3, 4, 4, 6, 4, 5, 3, 4, 4]",9,8,221.132
1749,"[6, 4, 6, 5, 5, 3]","[64, 64, 64, 64, 64, 64]","[6, 5, 6, 6, 4, 5]",6,9,215.5166
1750,"[1, 6, 6, 2, 1]","[240, 240, 240, 240, 240]","[6, 5, 6, 4, 4]",5,10,227.8678
1751,"[1, 1, 2, 5, 2, 1, 5]","[144, 144, 144, 144, 144, 144, 144]","[6, 5, 6, 5, 5, 3, 4]",7,11,228.5566
1752,"[5, 6, 6, 5, 4, 3]","[32, 32, 32, 32, 32, 32]","[5, 6, 4, 3, 5, 3]",6,12,204.0829
1753,"[1, 6, 5, 4, 2, 3, 4, 2, 3]","[32, 32, 32, 32, 32, 32, 32, 32, 32]","[4, 4, 5, 6, 3, 5, 5, 5, 3]",9,13,211.2202
1754,"[4, 6, 3, 5]","[32, 32, 32, 32]","[3, 5, 4, 5]",4,14,192.5121
1755,"[1, 3, 5, 2, 1, 3, 2, 3, 2]","[112, 112, 112, 112, 112, 112, 112, 112, 112]","[4, 3, 4, 5, 3, 6, 4, 3, 5]",9,15,232.1541
1756,"[1, 5, 1, 2]","[64, 64, 64, 64]","[5, 6, 6, 3]",4,16,199.7899
1757,"[5, 6, 2, 4, 3, 1, 4, 4, 4, 4]","[48, 48, 48, 48, 48, 48, 48, 48, 48, 48]","[4, 4, 4, 6, 5, 3, 5, 3, 5, 5]",10,17,223.9899
1758,"[3, 6, 5, 2, 5, 6, 1, 1]","[32, 32, 32, 32, 32, 32, 32, 32]","[3, 3, 5, 4, 6, 4, 4, 6]",8,18,210.1808
1759,"[4, 3, 1, 5, 3, 1, 1, 5]","[32, 32, 32, 32, 32, 32, 32, 32]","[3, 5, 6, 4, 4, 5, 3, 5]",8,19,209.9352
1760,"[3, 1, 6, 2, 4]","[112, 112, 112, 112, 112]","[5, 6, 6, 6, 6]",5,0,217.0263
1761,"[5, 2, 5, 4, 4, 5]","[64, 64, 64, 64, 64, 64]","[5, 5, 5, 5, 4, 5]",6,1,214.6807
1762,"[4, 3, 4, 3, 2, 1]","[128, 128, 128, 128, 128, 128]","[5, 6, 5, 6, 4, 6]",6,2,225.5631
1763,"[6, 1, 2, 4]","[80, 80, 80, 80]","[5, 5, 5, 5]",4,3,206.4059
1764,"[3, 3, 6, 6, 4, 6, 4]","[96, 96, 96, 96, 96, 96, 96]","[5, 5, 6, 6, 5, 5, 4]",7,4,225.2607
1765,"[5, 1, 4, 2, 2, 6, 2]","[176, 176, 176, 176, 176, 176, 176]","[5, 6, 4, 5, 6, 6, 5]",7,5,235.2631
1766,"[2, 6, 1, 5, 6, 5]","[144, 144, 144, 144, 144, 144]","[3, 5, 5, 5, 5, 5]",6,6,226.5301
1767,"[2, 1, 5, 1]","[128, 128, 128, 128]","[5, 4, 6, 4]",4,7,211.3573
1768,"[3, 4, 5, 3]","[192, 192, 192, 192]","[4, 6, 5, 4]",4,8,219.4181
1769,"[6, 5, 4, 5, 6, 1, 3, 3, 4]","[144, 144, 144, 144, 144, 144, 144, 144, 144]","[4, 4, 4, 5, 5, 5, 4, 3, 6]",9,9,240.6474
1770,"[2, 5, 5, 6, 6, 4, 4, 5, 2]","[128, 128, 128, 128, 128, 128, 128, 128, 128]","[5, 3, 3, 6, 6, 3, 6, 5, 4]",9,10,236.6142
1771,"[1, 2, 5, 4, 4]","[160, 160, 160, 160, 160]","[6, 4, 6, 3, 3]",5,11,220.9978
1772,"[2, 2, 5, 1, 3, 2, 5, 6, 5, 5]","[80, 80, 80, 80, 80, 80, 80, 80, 80, 80]","[4, 6, 3, 5, 5, 5, 6, 5, 6, 5]",10,12,230.5389
1773,"[4, 4, 5, 5, 4, 3]","[48, 48, 48, 48, 48, 48]","[5, 4, 3, 4, 6, 6]",6,13,210.0838
1774,"[6, 1, 2, 4, 2]","[96, 96, 96, 96, 96]","[4, 3, 6, 3, 5]",5,14,215.8201
1775,"[2, 5, 3, 2, 4, 5, 4, 1]","[48, 48, 48, 48, 48, 48, 48, 48]","[6, 6, 3, 3, 6, 6, 4, 4]",8,15,216.3189
1776,"[4, 2, 6, 4, 3, 5, 3, 4, 2]","[192, 192, 192, 192, 192, 192, 192, 192, 192]","[6, 4, 5, 4, 3, 6, 3, 6, 3]",9,16,244.3781
1777,"[3, 4, 3, 6, 2, 4]","[160, 160, 160, 160, 160, 160]","[4, 6, 5, 4, 4, 3]",6,17,229.011
1778,"[6, 3, 1, 5, 1, 5, 1, 3]","[48, 48, 48, 48, 48, 48, 48, 48]","[3, 3, 5, 4, 5, 3, 3, 3]",8,18,217.8305
1779,"[4, 4, 4, 2, 2, 5, 5]","[160, 160, 160, 160, 160, 160, 160]","[6, 6, 4, 5, 5, 6, 4]",7,19,234.0464
1780,"[1, 5, 1, 6, 5, 2, 4, 4, 4, 5]","[32, 32, 32, 32, 32, 32, 32, 32, 32, 32]","[3, 5, 5, 5, 6, 4, 5, 3, 3, 5]",10,0,213.356
1781,"[3, 4, 6, 4, 5, 2, 5, 1, 3]","[32, 32, 32, 32, 32, 32, 32, 32, 32]","[5, 4, 4, 3, 5, 6, 4, 3, 4]",9,1,213.212
1782,"[2, 4, 4, 6, 3, 6]","[32, 32, 32, 32, 32, 32]","[6, 4, 6, 4, 4, 3]",6,2,202.0589
1783,"[5, 3, 4, 4, 4, 6, 5, 6]","[48, 48, 48, 48, 48, 48, 48, 48]","[3, 4, 6, 6, 5, 3, 5, 6]",8,3,218.2043
1784,"[1, 6, 2, 1, 5, 3, 2]","[80, 80, 80, 80, 80, 80, 80]","[4, 3, 3, 3, 4, 4, 6]",7,4,219.706
1785,"[4, 1, 1, 2, 6, 6, 6]","[80, 80, 80, 80, 80, 80, 80]","[3, 3, 3, 3, 6, 6, 3]",7,5,221.5067
1786,"[3, 5, 4, 1, 4, 3, 2, 6, 4, 5]","[128, 128, 128, 128, 128, 128, 128, 128, 128, 128]","[6, 4, 4, 3, 4, 3, 5, 5, 5, 4]",10,6,240.0012
1787,"[6, 6, 2, 3, 3, 1, 6]","[48, 48, 48, 48, 48, 48, 48]","[5, 3, 3, 5, 4, 3, 3]",7,7,214.8206
1788,"[2, 2, 3, 5, 5, 6, 5, 3, 3]","[32, 32, 32, 32, 32, 32, 32, 32, 32]","[6, 5, 5, 4, 3, 5, 5, 5, 5]",9,8,211.9246
1789,"[5, 5, 6, 3]","[96, 96, 96, 96]","[4, 6, 6, 5]",4,9,210.0148
1790,"[3, 4, 1, 3]","[112, 112, 112, 112]","[4, 3, 3, 5]",4,10,210.7234
1791,"[3, 3, 3, 2, 3, 5]","[128, 128, 128, 128, 128, 128]","[4, 4, 3, 5, 5, 3]",6,11,225.1252
1792,"[5, 6, 2, 4, 3, 6, 1, 2, 3, 3]","[80, 80, 80, 80, 80, 80, 80, 80, 80, 80]","[6, 5, 6, 3, 3, 6, 5, 6, 4, 6]",10,12,232.8208
1793,"[4, 3, 6, 3]","[192, 192, 192, 192]","[3, 5, 5, 6]",4,13,219.8593
1794,"[4, 3, 2, 6, 4, 5, 5, 4, 5]","[240, 240, 240, 240, 240, 240, 240, 240, 240]","[3, 4, 6, 3, 6, 6, 6, 4, 4]",9,14,248.353
1795,"[4, 4, 2, 3, 3, 6, 2]","[176, 176, 176, 176, 176, 176, 176]","[3, 6, 5, 4, 4, 6, 4]",7,15,235.5555
1796,"[2, 3, 1, 5, 5, 1, 4, 1, 2, 4]","[64, 64, 64, 64, 64, 64, 64, 64, 64, 64]","[6, 3, 5, 4, 3, 5, 4, 6, 3, 5]",10,16,226.3767
1797,"[2, 2, 5, 3, 5, 6, 2]","[160, 160, 160, 160, 160, 160, 160]","[6, 3, 6, 5, 3, 4, 6]",7,17,232.4636
1798,"[1, 4, 6, 3]","[32, 32, 32, 32]","[5, 3, 3, 5]",4,18,189.5597
1799,"[3, 1, 4, 4, 1, 2, 2, 3, 4, 1]","[160, 160, 160, 160, 160, 160, 160, 160, 160, 160]","[4, 4, 6, 3, 6, 3, 5, 4, 4, 5]",10,19,242.8478
1800,"[3, 5, 3, 4, 6, 6, 2]","[112, 112, 112, 112, 112, 112, 112]","[6, 5, 5, 4, 5, 6, 3]",7,0,227.7833
1801,"[6, 5, 3, 1, 4]","[144, 144, 144, 144, 144]","[4, 4, 6, 4, 3]",5,1,223.135
1802,"[4, 5, 6, 6, 4]","[176, 176, 176, 176, 176]","[5, 3, 6, 4, 6]",5,2,225.9701
1803,"[3, 4, 3, 6, 3]","[48, 48, 48, 48, 48]","[3, 6, 4, 4, 5]",5,3,204.4884
1804,"[2, 3, 5, 3, 1, 5, 4, 6]","[176, 176, 176, 176, 176, 176, 176, 176]","[3, 6, 4, 3, 5, 3, 5, 6]",8,4,238.1114
1805,"[4, 3, 1, 4, 1, 6, 5, 1, 3, 4]","[160, 160, 160, 160, 160, 160, 160, 160, 160, 160]","[4, 5, 6, 5, 4, 5, 6, 6, 6, 6]",10,5,243.8604
1806,"[1, 3, 6, 3, 4]","[240, 240, 240, 240, 240]","[6, 3, 5, 5, 3]",5,6,227.7142
1807,"[6, 3, 2, 1]","[96, 96, 96, 96]","[6, 5, 4, 6]",4,7,209.5802
1808,"[4, 2, 2, 2, 6, 1, 1]","[80, 80, 80, 80, 80, 80, 80]","[3, 6, 3, 6, 3, 5, 3]",7,8,221.7672
1809,"[6, 4, 1, 5, 4, 3, 4, 2, 4]","[96, 96, 96, 96, 96, 96, 96, 96, 96]","[4, 4, 6, 4, 3, 3, 5, 5, 4]",9,9,233.255
1810,"[4, 5, 6, 3]","[128, 128, 128, 128]","[5, 6, 5, 6]",4,10,213.8936
1811,"[2, 4, 2, 4, 6, 3, 4, 2, 1, 4]","[240, 240, 240, 240, 240, 240, 240, 240, 240, 240]","[6, 5, 6, 3, 6, 3, 6, 6, 5, 3]",10,11,250.0124
1812,"[1, 1, 5, 1, 4, 3, 2, 2]","[240, 240, 240, 240, 240, 240, 240, 240]","[4, 6, 5, 5, 3, 3, 6, 6]",8,12,241.1595
1813,"[6, 4, 1, 1, 1]","[32, 32, 32, 32, 32]","[3, 3, 6, 5, 3]",5,13,198.4275
1814,"[6, 1, 1, 4, 3]","[160, 160, 160, 160, 160]","[5, 4, 6, 4, 6]",5,14,223.7643
1815,"[2, 6, 2, 4, 1, 1]","[80, 80, 80, 80, 80, 80]","[4, 5, 3, 6, 5, 4]",6,15,216.7766
1816,"[2, 6, 5, 1, 1, 4, 1]","[176, 176, 176, 176, 176, 176, 176]","[3, 5, 5, 4, 4, 5, 6]",7,16,234.2241
1817,"[2, 3, 3, 3, 3]","[176, 176, 176, 176, 176]","[4, 6, 4, 4, 5]",5,17,223.9586
1818,"[1, 3, 3, 6]","[128, 128, 128, 128]","[4, 6, 5, 3]",4,18,210.803
1819,"[2, 3, 4, 5, 6, 2, 5, 3, 4]","[64, 64, 64, 64, 64, 64, 64, 64, 64]","[3, 3, 3, 6, 4, 6, 5, 6, 6]",9,19,224.2687
1820,"[3, 6, 6, 6, 3]","[144, 144, 144, 144, 144]","[4, 5, 3, 6, 3]",5,0,222.2784
1821,"[5, 5, 6, 6, 2, 5, 3, 2]","[112, 112, 112, 112, 112, 112, 112, 112]","[4, 6, 4, 6, 5, 4, 6, 3]",8,1,232.7358
1822,"[4, 6, 3, 4, 1, 6]","[176, 176, 176, 176, 176, 176]","[3, 6, 4, 5, 6, 6]",6,2,231.25
1823,"[3, 4, 1, 2, 6, 3, 4, 6, 1, 6]","[176, 176, 176, 176, 176, 176, 176, 176, 176, 176]","[6, 4, 4, 3, 6, 5, 3, 3, 3, 5]",10,3,245.2016
1824,"[5, 3, 4, 4, 3, 3, 1, 4, 2, 2]","[144, 144, 144, 144, 144, 144, 144, 144, 144, 144]","[3, 4, 3, 3, 4, 4, 3, 3, 5, 4]",10,4,242.8291
1825,"[6, 4, 5, 5, 5, 3, 3, 3, 3]","[96, 96, 96, 96, 96, 96, 96, 96, 96]","[5, 3, 6, 5, 5, 3, 3, 4, 3]",9,5,233.6787
1826,"[2, 6, 5, 6, 3, 2]","[64, 64, 64, 64, 64, 64]","[4, 3, 4, 4, 6, 3]",6,6,213.6602
1827,"[3, 3, 4, 6, 3, 3, 5]","[160, 160, 160, 160, 160, 160, 160]","[4, 5, 6, 4, 4, 6, 3]",7,7,233.5729
1828,"[5, 2, 1, 5, 4, 2, 5, 1, 5, 2]","[176, 176, 176, 176, 176, 176, 176, 176, 176, 176]","[5, 3, 5, 3, 3, 3, 3, 4, 6, 5]",10,8,245.8019
1829,"[2, 5, 3, 4, 3, 1, 4]","[128, 128, 128, 128, 128, 128, 128]","[5, 5, 6, 6, 5, 3, 5]",7,9,228.9914
1830,"[4, 3, 3, 3, 3, 5, 6, 1, 6]","[128, 128, 128, 128, 128, 128, 128, 128, 128]","[4, 6, 6, 6, 4, 4, 5, 4, 4]",9,10,237.4183
1831,"[2, 3, 4, 2]","[192, 192, 192, 192]","[4, 5, 5, 6]",4,11,218.2957
1832,"[1, 1, 6, 6, 4, 6, 3, 5, 1, 4]","[112, 112, 112, 112, 112, 112, 112, 112, 112, 112]","[6, 5, 6, 3, 4, 4, 4, 6, 3, 5]",10,12,234.8797
1833,"[1, 1, 5, 1, 3, 1]","[48, 48, 48, 48, 48, 48]","[6, 6, 3, 3, 5, 5]",6,13,206.1669
1834,"[3, 4, 6, 4, 2, 5, 4, 2, 4, 2]","[240, 240, 240, 240, 240, 240, 240, 240, 240, 240]","[6, 5, 5, 5, 3, 6, 4, 3, 6, 4]",10,14,251.0775
1835,"[4, 4, 2, 1, 2, 1, 6, 6, 3, 4]","[64, 64, 64, 64, 64, 64, 64, 64, 64, 64]","[4, 3, 4, 5, 3, 5, 3, 3, 5, 3]",10,15,228.0488
1836,"[2, 3, 2, 6, 2, 3, 1, 2, 6, 6]","[80, 80, 80, 80, 80, 80, 80, 80, 80, 80]","[3, 5, 4, 4, 6, 3, 6, 6, 3, 4]",10,16,230.6246
1837,"[5, 3, 4, 6, 4]","[112, 112, 112, 112, 112]","[3, 5, 3, 3, 6]",5,17,218.8354
1838,"[1, 4, 1, 4, 3, 1]","[240, 240, 240, 240, 240, 240]","[5, 3, 6, 5, 6, 5]",6,18,232.9795
1839,"[6, 2, 1, 3]","[176, 176, 176, 176]","[3, 5, 5, 6]",4,19,218.6024
1840,"[1, 3, 1, 4, 3, 1, 1]","[144, 144, 144, 144, 144, 144, 144]","[4, 6, 6, 6, 3, 3, 4]",7,0,228.9408
1841,"[4, 2, 3, 1, 4]","[112, 112, 112, 112, 112]","[4, 5, 4, 4, 5]",5,1,217.7915
1842,"[4, 6, 6, 4, 5, 1, 2, 4, 5]","[32, 32, 32, 32, 32, 32, 32, 32, 32]","[4, 5, 4, 6, 6, 4, 5, 4, 3]",9,2,214.0389
1843,"[4, 3, 2, 3, 4, 4, 2, 4, 5, 2]","[32, 32, 32, 32, 32, 32, 32, 32, 32, 32]","[6, 3, 3, 6, 4, 3, 4, 4, 3, 4]",10,3,215.8765
1844,"[4, 1, 6, 6, 4, 4, 1]","[112, 112, 112, 112, 112, 112, 112]","[4, 4, 4, 5, 3, 6, 5]",7,4,227.6302
1845,"[5, 2, 1, 3]","[32, 32, 32, 32]","[3, 3, 3, 5]",4,5,191.9155
1846,"[4, 6, 3, 2]","[144, 144, 144, 144]","[5, 6, 3, 4]",4,6,215.5641
1847,"[2, 6, 3, 4, 4, 3]","[240, 240, 240, 240, 240, 240]","[6, 4, 5, 5, 6, 4]",6,7,235.0509
1848,"[6, 4, 5, 2, 1, 1, 4]","[64, 64, 64, 64, 64, 64, 64]","[3, 4, 6, 4, 5, 6, 3]",7,8,219.4483
1849,"[6, 6, 3, 3, 3, 4]","[48, 48, 48, 48, 48, 48]","[6, 4, 3, 3, 6, 6]",6,9,211.0174
1850,"[1, 2, 6, 6, 3, 2, 3, 1, 3, 6]","[64, 64, 64, 64, 64, 64, 64, 64, 64, 64]","[5, 5, 6, 4, 5, 4, 3, 5, 4, 5]",10,10,225.2175
1851,"[3, 6, 2, 1, 1]","[80, 80, 80, 80, 80]","[4, 6, 3, 6, 3]",5,11,212.202
1852,"[5, 1, 5, 1, 6, 6, 5, 2, 5]","[48, 48, 48, 48, 48, 48, 48, 48, 48]","[6, 4, 6, 4, 6, 4, 6, 6, 3]",9,12,220.4856
1853,"[5, 5, 4, 6, 3]","[112, 112, 112, 112, 112]","[4, 5, 6, 5, 6]",5,13,219.1028
1854,"[6, 1, 4, 5, 2, 2]","[64, 64, 64, 64, 64, 64]","[3, 6, 4, 4, 3, 6]",6,14,214.5678
1855,"[1, 3, 5, 1, 3, 3, 2, 1, 1, 6]","[176, 176, 176, 176, 176, 176, 176, 176, 176, 176]","[4, 4, 5, 6, 5, 5, 4, 3, 4, 6]",10,15,242.8857
1856,"[5, 4, 2, 2, 1, 4, 5, 5, 6]","[32, 32, 32, 32, 32, 32, 32, 32, 32]","[5, 3, 4, 4, 5, 4, 5, 5, 4]",9,16,213.7668
1857,"[4, 2, 2, 1, 5, 5]","[144, 144, 144, 144, 144, 144]","[6, 4, 4, 5, 6, 3]",6,17,227.2208
1858,"[6, 2, 2, 3]","[144, 144, 144, 144]","[5, 3, 5, 6]",4,18,215.6837
1859,"[4, 2, 1, 3, 2]","[160, 160, 160, 160, 160]","[3, 3, 3, 4, 4]",5,19,223.2472
1860,"[3, 6, 1, 2, 2, 1, 3, 3, 5, 4]","[64, 64, 64, 64, 64, 64, 64, 64, 64, 64]","[6, 3, 4, 3, 6, 6, 4, 4, 5, 6]",10,0,227.4456
1861,"[3, 4, 6, 1]","[32, 32, 32, 32]","[6, 4, 6, 6]",4,1,191.6807
1862,"[5, 6, 1, 5]","[96, 96, 96, 96]","[4, 3, 5, 5]",4,2,209.7258
1863,"[3, 3, 5, 3, 3, 4, 4]","[240, 240, 240, 240, 240, 240, 240]","[5, 5, 6, 3, 6, 6, 4]",7,3,240.2635
1864,"[6, 5, 1, 3]","[112, 112, 112, 112]","[6, 6, 5, 6]",4,4,212.1176
1865,"[6, 1, 1, 3, 1, 3, 2, 2, 3, 3]","[128, 128, 128, 128, 128, 128, 128, 128, 128, 128]","[5, 4, 3, 3, 5, 4, 5, 3, 6, 3]",10,5,239.9368
1866,"[4, 6, 5, 2, 2]","[96, 96, 96, 96, 96]","[4, 4, 3, 4, 4]",5,6,216.1864
1867,"[1, 5, 6, 1, 1, 4, 3, 6]","[192, 192, 192, 192, 192, 192, 192, 192]","[3, 4, 3, 6, 5, 3, 3, 6]",8,7,238.3494
1868,"[2, 5, 5, 4, 6]","[128, 128, 128, 128, 128]","[6, 5, 6, 3, 6]",5,8,219.4329
1869,"[5, 1, 3, 3, 3, 5, 4, 2, 5]","[64, 64, 64, 64, 64, 64, 64, 64, 64]","[5, 5, 3, 6, 5, 5, 4, 5, 3]",9,9,225.0934
1870,"[1, 1, 1, 4, 2, 1, 4, 1, 4, 1]","[96, 96, 96, 96, 96, 96, 96, 96, 96, 96]","[4, 6, 4, 4, 6, 6, 5, 6, 6, 4]",10,10,231.4091
1871,"[5, 5, 6, 1]","[80, 80, 80, 80]","[4, 6, 4, 4]",4,11,206.9962
1872,"[2, 3, 3, 4, 6, 4, 6, 4, 2]","[192, 192, 192, 192, 192, 192, 192, 192, 192]","[6, 3, 4, 4, 4, 3, 4, 3, 5]",9,12,243.1736
1873,"[1, 2, 4, 1, 4]","[240, 240, 240, 240, 240]","[3, 5, 6, 5, 5]",5,13,227.1782
1874,"[5, 5, 3, 6]","[176, 176, 176, 176]","[5, 5, 4, 3]",4,14,219.1987
1875,"[4, 4, 5, 1, 3, 4, 4]","[240, 240, 240, 240, 240, 240, 240]","[5, 4, 3, 3, 4, 6, 4]",7,15,240.8127
1876,"[3, 5, 2, 1, 5, 2, 5]","[144, 144, 144, 144, 144, 144, 144]","[6, 4, 3, 5, 6, 6, 5]",7,16,231.6514
1877,"[3, 5, 1, 1, 4, 5]","[128, 128, 128, 128, 128, 128]","[3, 5, 3, 5, 4, 6]",6,17,224.9805
1878,"[2, 1, 3, 2, 5, 1, 1, 6]","[48, 48, 48, 48, 48, 48, 48, 48]","[3, 5, 3, 5, 4, 3, 6, 3]",8,18,215.15
1879,"[6, 1, 2, 1, 6, 4, 1, 2, 5, 3]","[176, 176, 176, 176, 176, 176, 176, 176, 176, 176]","[3, 3, 6, 3, 4, 3, 6, 5, 5, 5]",10,19,245.7177
1880,"[3, 4, 6, 3]","[48, 48, 48, 48]","[5, 4, 3, 4]",4,0,198.1352
1881,"[1, 6, 6, 3, 1, 6, 2, 4, 3]","[32, 32, 32, 32, 32, 32, 32, 32, 32]","[4, 5, 6, 4, 4, 6, 4, 3, 4]",9,1,211.1355
1882,"[2, 3, 6, 2, 6, 1, 2, 3, 5]","[160, 160, 160, 160, 160, 160, 160, 160, 160]","[6, 5, 5, 5, 6, 5, 5, 6, 3]",9,2,239.8501
1883,"[1, 3, 3, 3, 1, 4, 1, 1, 4]","[64, 64, 64, 64, 64, 64, 64, 64, 64]","[5, 3, 4, 3, 5, 3, 5, 3, 4]",9,3,222.2562
1884,"[1, 1, 3, 5, 3, 4, 1, 4, 2]","[240, 240, 240, 240, 240, 240, 240, 240, 240]","[4, 6, 3, 3, 4, 4, 5, 4, 6]",9,4,244.7596
1885,"[1, 4, 2, 3, 4, 3, 1, 1, 4]","[64, 64, 64, 64, 64, 64, 64, 64, 64]","[5, 3, 4, 6, 3, 4, 3, 4, 3]",9,5,222.4688
1886,"[3, 3, 6, 2, 5, 3, 6, 6]","[144, 144, 144, 144, 144, 144, 144, 144]","[5, 5, 6, 5, 3, 4, 4, 3]",8,6,235.6396
1887,"[4, 3, 4, 1, 6, 4]","[80, 80, 80, 80, 80, 80]","[3, 3, 3, 6, 4, 4]",6,7,217.9892
1888,"[4, 4, 1, 4, 6, 3, 6, 4, 5]","[144, 144, 144, 144, 144, 144, 144, 144, 144]","[6, 6, 4, 4, 5, 4, 4, 5, 5]",9,8,239.5101
1889,"[2, 6, 2, 2, 6, 2, 1, 1, 3]","[32, 32, 32, 32, 32, 32, 32, 32, 32]","[4, 3, 5, 5, 6, 4, 6, 3, 3]",9,9,212.1136
1890,"[2, 3, 1, 3]","[240, 240, 240, 240]","[3, 4, 3, 4]",4,10,221.4177
1891,"[5, 5, 1, 6, 1, 3, 5, 4, 2, 2]","[80, 80, 80, 80, 80, 80, 80, 80, 80, 80]","[5, 6, 4, 6, 6, 5, 6, 6, 6, 6]",10,11,232.5435
1892,"[3, 2, 6, 4, 5, 5, 3, 4, 3, 2]","[176, 176, 176, 176, 176, 176, 176, 176, 176, 176]","[4, 6, 4, 4, 3, 3, 5, 5, 3, 5]",10,12,245.3903
1893,"[1, 2, 1, 3]","[160, 160, 160, 160]","[5, 5, 4, 4]",4,13,213.5873
1894,"[2, 5, 2, 2, 1, 3, 2]","[96, 96, 96, 96, 96, 96, 96]","[6, 3, 3, 5, 3, 6, 6]",7,14,223.9936
1895,"[1, 6, 4, 1, 3, 1, 5, 4, 2, 2]","[112, 112, 112, 112, 112, 112, 112, 112, 112, 112]","[6, 4, 5, 4, 5, 5, 4, 3, 3, 6]",10,15,235.3477
1896,"[3, 6, 5, 6, 2, 5]","[144, 144, 144, 144, 144, 144]","[5, 6, 6, 3, 4, 5]",6,16,227.6731
1897,"[5, 6, 2, 5, 4, 2, 2, 2, 3]","[48, 48, 48, 48, 48, 48, 48, 48, 48]","[5, 5, 5, 5, 6, 6, 5, 6, 5]",9,17,221.0133
1898,"[5, 5, 1, 5]","[192, 192, 192, 192]","[6, 4, 4, 5]",4,18,220.2273
1899,"[5, 3, 6, 1, 4, 1, 5]","[48, 48, 48, 48, 48, 48, 48]","[6, 6, 5, 3, 6, 4, 6]",7,19,214.2964
1900,"[1, 2, 2, 2]","[128, 128, 128, 128]","[5, 5, 5, 4]",4,0,210.2108
1901,"[4, 5, 5, 4, 3]","[176, 176, 176, 176, 176]","[3, 6, 6, 4, 3]",5,1,225.8029
1902,"[4, 5, 1, 1, 6, 5, 5, 1, 3, 5]","[96, 96, 96, 96, 96, 96, 96, 96, 96, 96]","[6, 6, 4, 6, 6, 6, 3, 3, 3, 5]",10,2,235.2744
1903,"[2, 3, 4, 1, 6]","[96, 96, 96, 96, 96]","[4, 4, 3, 4, 3]",5,3,214.3582
1904,"[3, 3, 2, 6, 6, 6]","[112, 112, 112, 112, 112, 112]","[3, 3, 4, 6, 4, 3]",6,4,223.12
1905,"[6, 2, 2, 3, 6, 1, 5, 3]","[192, 192, 192, 192, 192, 192, 192, 192]","[6, 4, 5, 5, 6, 5, 5, 5]",8,5,241.3708
1906,"[5, 1, 5, 2, 2, 2, 1]","[128, 128, 128, 128, 128, 128, 128]","[6, 4, 5, 6, 4, 5, 6]",7,6,229.8529
1907,"[1, 6, 3, 4, 1]","[112, 112, 112, 112, 112]","[3, 4, 4, 5, 6]",5,7,215.7223
1908,"[3, 5, 5, 5, 2, 2, 1, 4, 6]","[240, 240, 240, 240, 240, 240, 240, 240, 240]","[3, 3, 5, 4, 6, 5, 6, 6, 3]",9,8,247.9827
1909,"[3, 3, 3, 2, 6, 4, 1, 5, 2, 3]","[128, 128, 128, 128, 128, 128, 128, 128, 128, 128]","[5, 6, 6, 5, 6, 5, 3, 4, 6, 5]",10,9,239.6355
1910,"[5, 3, 1, 6, 1, 3, 6, 2, 6]","[32, 32, 32, 32, 32, 32, 32, 32, 32]","[4, 3, 3, 6, 5, 5, 3, 5, 3]",9,10,213.5949
1911,"[5, 3, 1, 5, 3]","[240, 240, 240, 240, 240]","[3, 3, 5, 5, 6]",5,11,230.5086
1912,"[6, 3, 4, 6, 5, 1, 5]","[240, 240, 240, 240, 240, 240, 240]","[5, 3, 6, 6, 3, 4, 5]",7,12,241.6512
1913,"[4, 5, 4, 6, 2]","[176, 176, 176, 176, 176]","[6, 3, 3, 6, 5]",5,13,225.7595
1914,"[4, 3, 6, 6, 1]","[48, 48, 48, 48, 48]","[4, 5, 4, 5, 6]",5,14,204.8366
1915,"[5, 2, 3, 3, 4]","[112, 112, 112, 112, 112]","[3, 4, 4, 6, 4]",5,15,218.4304
1916,"[2, 1, 2, 4, 5, 2, 1, 3]","[96, 96, 96, 96, 96, 96, 96, 96]","[4, 3, 6, 5, 5, 6, 3, 4]",8,16,227.0213
1917,"[1, 3, 3, 6]","[240, 240, 240, 240]","[6, 6, 3, 5]",4,17,220.4418
1918,"[2, 1, 6, 1]","[176, 176, 176, 176]","[6, 3, 6, 6]",4,18,216.2804
1919,"[4, 6, 5, 4, 3, 1, 6, 5]","[144, 144, 144, 144, 144, 144, 144, 144]","[5, 5, 5, 6, 5, 6, 4, 6]",8,19,236.4881
1920,"[4, 4, 6, 6, 2]","[32, 32, 32, 32, 32]","[4, 4, 5, 3, 6]",5,0,198.7099
1921,"[2, 3, 5, 4]","[128, 128, 128, 128]","[5, 3, 6, 5]",4,1,212.2099
1922,"[6, 6, 1, 3, 6]","[160, 160, 160, 160, 160]","[4, 4, 6, 5, 6]",5,2,224.8478
1923,"[5, 4, 4, 5, 1, 4, 5, 4]","[240, 240, 240, 240, 240, 240, 240, 240]","[5, 5, 5, 5, 6, 6, 5, 6]",8,3,245.3893
1924,"[3, 1, 1, 6, 6, 5, 1, 1, 6, 2]","[192, 192, 192, 192, 192, 192, 192, 192, 192, 192]","[4, 6, 3, 6, 4, 3, 4, 4, 4, 4]",10,4,245.9871
1925,"[1, 5, 1, 3, 2, 1, 4, 5]","[192, 192, 192, 192, 192, 192, 192, 192]","[3, 4, 3, 5, 5, 6, 5, 4]",8,5,238.0163
1926,"[3, 3, 6, 2, 1, 4, 3, 6, 4, 6]","[64, 64, 64, 64, 64, 64, 64, 64, 64, 64]","[6, 3, 5, 4, 4, 6, 5, 5, 3, 5]",10,6,227.6168
1927,"[6, 4, 6, 1, 6, 4, 4, 3, 2]","[176, 176, 176, 176, 176, 176, 176, 176, 176]","[3, 6, 3, 3, 6, 4, 6, 6, 4]",9,7,243.8778
1928,"[4, 4, 3, 6, 3]","[48, 48, 48, 48, 48]","[3, 5, 4, 4, 3]",5,8,204.9748
1929,"[6, 5, 2, 3, 5]","[144, 144, 144, 144, 144]","[3, 6, 3, 3, 6]",5,9,223.2466
1930,"[3, 6, 3, 5, 4, 6, 3, 2]","[112, 112, 112, 112, 112, 112, 112, 112]","[4, 4, 3, 3, 5, 6, 3, 3]",8,10,231.7669
1931,"[6, 1, 1, 6, 1, 3, 4, 6]","[80, 80, 80, 80, 80, 80, 80, 80]","[3, 4, 3, 3, 4, 3, 3, 4]",8,11,225.947
1932,"[3, 1, 2, 1, 5, 6, 3, 3, 3]","[32, 32, 32, 32, 32, 32, 32, 32, 32]","[6, 3, 6, 4, 5, 4, 6, 4, 4]",9,12,211.9364
1933,"[6, 2, 4, 5, 4, 6]","[96, 96, 96, 96, 96, 96]","[4, 3, 3, 4, 5, 5]",6,13,221.8997
1934,"[3, 3, 2, 6]","[192, 192, 192, 192]","[3, 5, 3, 5]",4,14,219.1126
1935,"[5, 4, 4, 1, 4, 2, 3, 2]","[144, 144, 144, 144, 144, 144, 144, 144]","[5, 3, 4, 5, 4, 6, 3, 5]",8,15,236.4291
1936,"[5, 6, 1, 2, 1]","[112, 112, 112, 112, 112]","[6, 6, 3, 6, 4]",5,16,218.4126
1937,"[2, 2, 2, 1, 5, 5, 3, 4]","[112, 112, 112, 112, 112, 112, 112, 112]","[5, 5, 5, 4, 4, 4, 4, 4]",8,17,229.9333
1938,"[1, 5, 2, 3, 6, 4, 2]","[144, 144, 144, 144, 144, 144, 144]","[3, 5, 4, 6, 6, 3, 5]",7,18,229.6198
1939,"[3, 6, 2, 4]","[192, 192, 192, 192]","[5, 6, 6, 3]",4,19,219.4424
1940,"[3, 4, 3, 4, 3, 3, 4]","[64, 64, 64, 64, 64, 64, 64]","[5, 4, 5, 5, 5, 3, 5]",7,0,218.1947
1941,"[2, 2, 4, 3, 2]","[64, 64, 64, 64, 64]","[6, 5, 4, 4, 4]",5,1,207.5217
1942,"[1, 3, 6, 1, 5, 2]","[160, 160, 160, 160, 160, 160]","[5, 5, 3, 4, 5, 6]",6,2,226.5909
1943,"[6, 2, 2, 6, 4, 6, 4, 5, 6]","[48, 48, 48, 48, 48, 48, 48, 48, 48]","[4, 6, 5, 3, 5, 5, 4, 6, 5]",9,3,221.2764
1944,"[3, 2, 5, 4, 4]","[80, 80, 80, 80, 80]","[4, 5, 5, 5, 3]",5,4,212.2821
1945,"[1, 6, 2, 6, 1, 3, 4, 2]","[192, 192, 192, 192, 192, 192, 192, 192]","[5, 3, 4, 4, 3, 4, 6, 3]",8,5,238.3694
1946,"[6, 6, 5, 1, 5, 1, 4, 4]","[176, 176, 176, 176, 176, 176, 176, 176]","[3, 4, 3, 5, 4, 5, 6, 6]",8,6,240.5485
1947,"[5, 2, 5, 1, 3, 1, 3, 2, 6]","[160, 160, 160, 160, 160, 160, 160, 160, 160]","[4, 3, 3, 3, 4, 5, 4, 5, 4]",9,7,241.2481
1948,"[6, 2, 3, 3, 5, 6, 2, 3, 5]","[176, 176, 176, 176, 176, 176, 176, 176, 176]","[3, 6, 4, 4, 4, 4, 4, 4, 3]",9,8,243.507
1949,"[2, 6, 1, 4, 4]","[192, 192, 192, 192, 192]","[5, 6, 6, 4, 3]",5,9,225.5344
1950,"[5, 4, 1, 2]","[128, 128, 128, 128]","[5, 4, 4, 4]",4,10,213.6916
1951,"[1, 1, 5, 4, 2, 1, 5, 2, 1]","[112, 112, 112, 112, 112, 112, 112, 112, 112]","[4, 5, 3, 5, 3, 3, 3, 4, 3]",9,11,231.6025
1952,"[3, 2, 6, 1, 1, 4, 5, 2, 4, 5]","[144, 144, 144, 144, 144, 144, 144, 144, 144, 144]","[4, 6, 5, 4, 4, 5, 6, 3, 4, 6]",10,12,241.498
1953,"[6, 6, 1, 6, 2, 4, 1]","[96, 96, 96, 96, 96, 96, 96]","[3, 5, 6, 3, 4, 3, 4]",7,13,226.3436
1954,"[3, 1, 3, 2, 4]","[112, 112, 112, 112, 112]","[4, 4, 3, 5, 4]",5,14,216.9518
1955,"[4, 3, 1, 6, 6, 6, 6]","[32, 32, 32, 32, 32, 32, 32]","[6, 5, 4, 3, 3, 5, 5]",7,15,206.9473
1956,"[2, 5, 6, 1]","[160, 160, 160, 160]","[4, 5, 5, 5]",4,16,215.8062
1957,"[4, 5, 4, 4, 4, 5, 5, 2, 6, 4]","[48, 48, 48, 48, 48, 48, 48, 48, 48, 48]","[6, 6, 6, 4, 5, 6, 6, 6, 4, 3]",10,17,223.8442
1958,"[5, 3, 2, 5, 6, 3, 1, 2, 2, 1]","[192, 192, 192, 192, 192, 192, 192, 192, 192, 192]","[5, 6, 3, 4, 3, 3, 6, 5, 5, 6]",10,18,247.6674
1959,"[2, 4, 4, 5, 5, 2, 6]","[144, 144, 144, 144, 144, 144, 144]","[3, 5, 4, 4, 6, 6, 3]",7,19,231.1549
1960,"[2, 6, 5, 3]","[32, 32, 32, 32]","[6, 4, 3, 4]",4,0,191.2589
1961,"[6, 3, 4, 4, 5, 5, 2, 6]","[128, 128, 128, 128, 128, 128, 128, 128]","[3, 6, 4, 3, 4, 5, 3, 3]",8,1,235.0475
1962,"[1, 6, 6, 5, 2]","[112, 112, 112, 112, 112]","[4, 6, 4, 6, 6]",5,2,215.9959
1963,"[6, 5, 1, 1, 6, 4, 4, 6, 1]","[80, 80, 80, 80, 80, 80, 80, 80, 80]","[6, 6, 6, 6, 3, 3, 4, 3, 5]",9,3,229.938
1964,"[1, 6, 6, 1]","[144, 144, 144, 144]","[6, 6, 4, 6]",4,4,212.9097
1965,"[3, 5, 1, 1, 2]","[96, 96, 96, 96, 96]","[5, 4, 4, 3, 3]",5,5,214.9267
1966,"[3, 6, 2, 5]","[64, 64, 64, 64]","[5, 6, 6, 4]",4,6,202.4506
1967,"[1, 6, 4, 3, 1, 2, 4, 1]","[160, 160, 160, 160, 160, 160, 160, 160]","[3, 4, 4, 4, 6, 6, 5, 5]",8,7,235.2514
1968,"[3, 4, 1, 1, 6, 5, 4, 6, 4, 5]","[112, 112, 112, 112, 112, 112, 112, 112, 112, 112]","[5, 3, 6, 3, 6, 6, 3, 3, 3, 5]",10,8,237.3023
1969,"[4, 1, 1, 5, 5, 5, 1, 3, 3, 4]","[128, 128, 128, 128, 128, 128, 128, 128, 128, 128]","[4, 6, 5, 4, 6, 5, 3, 5, 6, 4]",10,9,239.4891
1970,"[6, 4, 3, 4, 5]","[48, 48, 48, 48, 48]","[5, 3, 3, 3, 5]",5,10,205.736
1971,"[2, 5, 3, 2, 6, 3]","[80, 80, 80, 80, 80, 80]","[5, 3, 6, 3, 4, 6]",6,11,216.9618
1972,"[1, 1, 5, 2, 5]","[32, 32, 32, 32, 32]","[6, 3, 3, 4, 5]",5,12,194.8016
1973,"[2, 6, 5, 3, 1, 5, 5, 3]","[64, 64, 64, 64, 64, 64, 64, 64]","[3, 3, 5, 6, 6, 3, 4, 3]",8,13,221.322
1974,"[5, 1, 4, 3, 6, 2, 1, 4]","[96, 96, 96, 96, 96, 96, 96, 96]","[5, 3, 5, 4, 6, 5, 6, 3]",8,14,229.0074
1975,"[1, 2, 3, 4, 5, 3, 3, 2]","[240, 240, 240, 240, 240, 240, 240, 240]","[4, 3, 3, 6, 6, 6, 3, 4]",8,15,241.7315
1976,"[6, 4, 5, 4, 2, 5]","[48, 48, 48, 48, 48, 48]","[6, 3, 5, 3, 6, 4]",6,16,210.9158
1977,"[1, 6, 1, 2]","[128, 128, 128, 128]","[3, 5, 3, 6]",4,17,210.6785
1978,"[4, 4, 2, 6, 3, 2, 4, 3, 2]","[240, 240, 240, 240, 240, 240, 240, 240, 240]","[5, 3, 4, 6, 6, 3, 6, 5, 3]",9,18,248.2915
1979,"[6, 2, 6, 1, 1, 1, 1, 4, 6]","[64, 64, 64, 64, 64, 64, 64, 64, 64]","[4, 6, 6, 6, 3, 4, 3, 3, 6]",9,19,225.6218
1980,"[5, 2, 6, 5, 6, 5, 3, 1]","[80, 80, 80, 80, 80, 80, 80, 80]","[4, 3, 6, 4, 4, 5, 5, 3]",8,0,226.588
1981,"[5, 2, 3, 3, 1]","[64, 64, 64, 64, 64]","[3, 3, 5, 4, 3]",5,1,209.3317
1982,"[4, 1, 5, 4, 1, 6, 1, 1]","[64, 64, 64, 64, 64, 64, 64, 64]","[4, 5, 5, 5, 5, 4, 4, 3]",8,2,221.4772
1983,"[6, 3, 3, 3, 6, 6, 5, 2]","[144, 144, 144, 144, 144, 144, 144, 144]","[6, 3, 5, 6, 6, 5, 3, 6]",8,3,236.9967
1984,"[6, 3, 4, 3, 1, 6, 1]","[112, 112, 112, 112, 112, 112, 112]","[5, 5, 6, 4, 5, 5, 4]",7,4,228.6397
1985,"[6, 4, 3, 5]","[64, 64, 64, 64]","[5, 6, 4, 4]",4,5,203.7317
1986,"[6, 6, 4, 1]","[160, 160, 160, 160]","[4, 5, 5, 6]",4,6,217.9952
1987,"[5, 6, 2, 6, 6]","[128, 128, 128, 128, 128]","[5, 6, 4, 6, 3]",5,7,221.1991
1988,"[6, 6, 1, 4, 6, 6, 1, 6]","[192, 192, 192, 192, 192, 192, 192, 192]","[3, 3, 6, 4, 4, 3, 4, 4]",8,8,241.9816
1989,"[1, 1, 6, 6, 2, 2, 4, 2]","[96, 96, 96, 96, 96, 96, 96, 96]","[3, 5, 4, 6, 5, 5, 6, 3]",8,9,225.9566
1990,"[4, 4, 2, 2, 5, 4, 1, 1]","[144, 144, 144, 144, 144, 144, 144, 144]","[4, 3, 6, 6, 5, 5, 4, 5]",8,10,235.9286
1991,"[3, 1, 6, 4, 3, 6, 2, 5]","[240, 240, 240, 240, 240, 240, 240, 240]","[4, 5, 6, 4, 6, 5, 4, 3]",8,11,243.7534
1992,"[5, 6, 4, 4, 6, 4, 2]","[128, 128, 128, 128, 128, 128, 128]","[3, 5, 4, 6, 4, 4, 4]",7,12,231.2071
1993,"[4, 5, 1, 1, 6, 5, 1, 3, 4, 1]","[160, 160, 160, 160, 160, 160, 160, 160, 160, 160]","[3, 5, 6, 5, 3, 3, 5, 3, 4, 5]",10,13,244.0063
1994,"[3, 5, 3, 2, 2, 2, 3]","[240, 240, 240, 240, 240, 240, 240]","[6, 6, 3, 5, 3, 4, 3]",7,14,240.2053
1995,"[6, 6, 4, 2, 4, 3, 3, 3, 3, 2]","[32, 32, 32, 32, 32, 32, 32, 32, 32, 32]","[4, 6, 6, 3, 5, 3, 4, 5, 6, 3]",10,15,217.2753
1996,"[5, 4, 6, 2, 4, 4]","[176, 176, 176, 176, 176, 176]","[5, 5, 4, 6, 3, 5]",6,16,231.677
1997,"[5, 2, 1, 4, 1, 3]","[128, 128, 128, 128, 128, 128]","[6, 4, 6, 6, 4, 6]",6,17,225.5145
1998,"[4, 4, 3, 2, 6, 1]","[144, 144, 144, 144, 144, 144]","[5, 6, 4, 3, 5, 4]",6,18,227.6584
1999,"[6, 5, 1, 1, 4, 6, 2, 3]","[64, 64, 64, 64, 64, 64, 64, 64]","[6, 3, 4, 4, 5, 5, 5, 5]",8,19,222.8354
